,Month,Year,No_arctic_temp,Global_temp,Units,Experiment,Model,Ensemble_member
0,Jan,1850,285.5981347093196,283.6738529970779,K,historical,IPSL-CM6A-LR,r9i1p1f1
1,Feb,1850,285.7697271489458,283.74351365512996,K,historical,IPSL-CM6A-LR,r9i1p1f1
2,Mar,1850,286.37168785239083,284.5904811159827,K,historical,IPSL-CM6A-LR,r9i1p1f1
3,Apr,1850,286.89385357087707,285.512613523877,K,historical,IPSL-CM6A-LR,r9i1p1f1
4,May,1850,287.29927829228933,286.28550790014197,K,historical,IPSL-CM6A-LR,r9i1p1f1
5,Jun,1850,287.88710058784693,287.24132083989593,K,historical,IPSL-CM6A-LR,r9i1p1f1
6,Jul,1850,288.3088079268867,287.78263139186765,K,historical,IPSL-CM6A-LR,r9i1p1f1
7,Aug,1850,288.3685035228568,287.76918618880916,K,historical,IPSL-CM6A-LR,r9i1p1f1
8,Sep,1850,287.84739905150195,287.07220565541735,K,historical,IPSL-CM6A-LR,r9i1p1f1
9,Oct,1850,286.98614792260315,285.737917171076,K,historical,IPSL-CM6A-LR,r9i1p1f1
10,Nov,1850,286.14217031164895,284.52027370701455,K,historical,IPSL-CM6A-LR,r9i1p1f1
11,Dec,1850,285.37118847975773,283.46071595276453,K,historical,IPSL-CM6A-LR,r9i1p1f1
12,Jan,1851,285.36155063864425,283.44906220837896,K,historical,IPSL-CM6A-LR,r9i1p1f1
13,Feb,1851,285.86637576943957,283.83944131864575,K,historical,IPSL-CM6A-LR,r9i1p1f1
14,Mar,1851,286.4389571904657,284.59136084210917,K,historical,IPSL-CM6A-LR,r9i1p1f1
15,Apr,1851,287.1321263164026,285.6693950732166,K,historical,IPSL-CM6A-LR,r9i1p1f1
16,May,1851,287.56973463021177,286.5694050089357,K,historical,IPSL-CM6A-LR,r9i1p1f1
17,Jun,1851,288.03010460881944,287.3985648507404,K,historical,IPSL-CM6A-LR,r9i1p1f1
18,Jul,1851,288.4694661960891,287.9365070156853,K,historical,IPSL-CM6A-LR,r9i1p1f1
19,Aug,1851,288.5887007190159,288.023655271035,K,historical,IPSL-CM6A-LR,r9i1p1f1
20,Sep,1851,288.0726227676301,287.3018920845387,K,historical,IPSL-CM6A-LR,r9i1p1f1
21,Oct,1851,287.10886012314273,285.9379690935154,K,historical,IPSL-CM6A-LR,r9i1p1f1
22,Nov,1851,286.47872760187676,284.9138067164432,K,historical,IPSL-CM6A-LR,r9i1p1f1
23,Dec,1851,285.57586506614985,283.87813067619874,K,historical,IPSL-CM6A-LR,r9i1p1f1
24,Jan,1852,285.5744548120097,283.6854286332606,K,historical,IPSL-CM6A-LR,r9i1p1f1
25,Feb,1852,285.98167015663074,283.9829928130101,K,historical,IPSL-CM6A-LR,r9i1p1f1
26,Mar,1852,286.66705918149427,284.82419253488484,K,historical,IPSL-CM6A-LR,r9i1p1f1
27,Apr,1852,287.4620745518294,286.007119279464,K,historical,IPSL-CM6A-LR,r9i1p1f1
28,May,1852,287.8257075861905,286.86942701824563,K,historical,IPSL-CM6A-LR,r9i1p1f1
29,Jun,1852,288.23447355650814,287.59910605878054,K,historical,IPSL-CM6A-LR,r9i1p1f1
30,Jul,1852,288.66831119243767,288.1636077099452,K,historical,IPSL-CM6A-LR,r9i1p1f1
31,Aug,1852,288.50987855811263,287.93574545124903,K,historical,IPSL-CM6A-LR,r9i1p1f1
32,Sep,1852,287.8663672688313,287.07564212475023,K,historical,IPSL-CM6A-LR,r9i1p1f1
33,Oct,1852,287.13300959649746,285.9291314809023,K,historical,IPSL-CM6A-LR,r9i1p1f1
34,Nov,1852,286.5110168688995,284.96245550477533,K,historical,IPSL-CM6A-LR,r9i1p1f1
35,Dec,1852,285.85923712345726,283.98475428709855,K,historical,IPSL-CM6A-LR,r9i1p1f1
36,Jan,1853,285.4821728771525,283.50928085991217,K,historical,IPSL-CM6A-LR,r9i1p1f1
37,Feb,1853,285.7940301927157,283.8473252051792,K,historical,IPSL-CM6A-LR,r9i1p1f1
38,Mar,1853,286.60248436708144,284.89121152942636,K,historical,IPSL-CM6A-LR,r9i1p1f1
39,Apr,1853,287.04516454694397,285.61553105703354,K,historical,IPSL-CM6A-LR,r9i1p1f1
40,May,1853,287.58373417766967,286.623757003523,K,historical,IPSL-CM6A-LR,r9i1p1f1
41,Jun,1853,288.0687685333802,287.42500979168284,K,historical,IPSL-CM6A-LR,r9i1p1f1
42,Jul,1853,288.50597204494966,287.97346041676167,K,historical,IPSL-CM6A-LR,r9i1p1f1
43,Aug,1853,288.4207557304851,287.8391039749598,K,historical,IPSL-CM6A-LR,r9i1p1f1
44,Sep,1853,287.8877247732845,287.0516570319058,K,historical,IPSL-CM6A-LR,r9i1p1f1
45,Oct,1853,287.1351491307908,285.9127712618759,K,historical,IPSL-CM6A-LR,r9i1p1f1
46,Nov,1853,286.3285840739992,284.711709340263,K,historical,IPSL-CM6A-LR,r9i1p1f1
47,Dec,1853,285.7426847654631,283.9564333397758,K,historical,IPSL-CM6A-LR,r9i1p1f1
48,Jan,1854,285.55310019091854,283.53790190110004,K,historical,IPSL-CM6A-LR,r9i1p1f1
49,Feb,1854,285.9545058339684,283.9823300546642,K,historical,IPSL-CM6A-LR,r9i1p1f1
50,Mar,1854,286.4874859826371,284.7353799845971,K,historical,IPSL-CM6A-LR,r9i1p1f1
51,Apr,1854,286.9323153241805,285.51452649050805,K,historical,IPSL-CM6A-LR,r9i1p1f1
52,May,1854,287.49917968591706,286.5383966259235,K,historical,IPSL-CM6A-LR,r9i1p1f1
53,Jun,1854,287.97073368027935,287.3351545213929,K,historical,IPSL-CM6A-LR,r9i1p1f1
54,Jul,1854,288.31036722012755,287.8143338222332,K,historical,IPSL-CM6A-LR,r9i1p1f1
55,Aug,1854,288.148996209021,287.58107290411994,K,historical,IPSL-CM6A-LR,r9i1p1f1
56,Sep,1854,287.78348404636927,286.99179261124993,K,historical,IPSL-CM6A-LR,r9i1p1f1
57,Oct,1854,287.08498063025485,285.87064586463504,K,historical,IPSL-CM6A-LR,r9i1p1f1
58,Nov,1854,286.2768967076709,284.72220150914063,K,historical,IPSL-CM6A-LR,r9i1p1f1
59,Dec,1854,285.54632118180837,283.5929402710047,K,historical,IPSL-CM6A-LR,r9i1p1f1
60,Jan,1855,285.3368256112751,283.43320007490615,K,historical,IPSL-CM6A-LR,r9i1p1f1
61,Feb,1855,285.9404015514287,284.0747667796189,K,historical,IPSL-CM6A-LR,r9i1p1f1
62,Mar,1855,286.5921237683589,284.80774115223886,K,historical,IPSL-CM6A-LR,r9i1p1f1
63,Apr,1855,287.06569264928055,285.67088034981623,K,historical,IPSL-CM6A-LR,r9i1p1f1
64,May,1855,287.55010306145005,286.62096558062836,K,historical,IPSL-CM6A-LR,r9i1p1f1
65,Jun,1855,288.148645138042,287.53173209526585,K,historical,IPSL-CM6A-LR,r9i1p1f1
66,Jul,1855,288.4088932704811,287.9060037130466,K,historical,IPSL-CM6A-LR,r9i1p1f1
67,Aug,1855,288.5730843070557,287.97246941701087,K,historical,IPSL-CM6A-LR,r9i1p1f1
68,Sep,1855,287.79469738826725,287.00719631443445,K,historical,IPSL-CM6A-LR,r9i1p1f1
69,Oct,1855,287.058230184521,285.83657748107913,K,historical,IPSL-CM6A-LR,r9i1p1f1
70,Nov,1855,286.3097302083775,284.74344402615463,K,historical,IPSL-CM6A-LR,r9i1p1f1
71,Dec,1855,285.7459861312609,284.0210894843624,K,historical,IPSL-CM6A-LR,r9i1p1f1
72,Jan,1856,285.54646141255876,283.57793483630417,K,historical,IPSL-CM6A-LR,r9i1p1f1
73,Feb,1856,285.85838810655275,283.8340000286674,K,historical,IPSL-CM6A-LR,r9i1p1f1
74,Mar,1856,286.68196396302045,284.90315084784277,K,historical,IPSL-CM6A-LR,r9i1p1f1
75,Apr,1856,287.33082167537896,285.8965076798186,K,historical,IPSL-CM6A-LR,r9i1p1f1
76,May,1856,287.6507775757953,286.6641444319001,K,historical,IPSL-CM6A-LR,r9i1p1f1
77,Jun,1856,288.2584612033484,287.62328353239405,K,historical,IPSL-CM6A-LR,r9i1p1f1
78,Jul,1856,288.602700828537,288.08564347588504,K,historical,IPSL-CM6A-LR,r9i1p1f1
79,Aug,1856,288.4944728899484,287.9239178384422,K,historical,IPSL-CM6A-LR,r9i1p1f1
80,Sep,1856,288.01919032113705,287.20467681488407,K,historical,IPSL-CM6A-LR,r9i1p1f1
81,Oct,1856,287.1562831201402,286.05066564017625,K,historical,IPSL-CM6A-LR,r9i1p1f1
82,Nov,1856,286.40912884657246,284.8705155752509,K,historical,IPSL-CM6A-LR,r9i1p1f1
83,Dec,1856,285.8612892468855,284.0657536941835,K,historical,IPSL-CM6A-LR,r9i1p1f1
84,Jan,1857,285.87181829736875,283.93387898077236,K,historical,IPSL-CM6A-LR,r9i1p1f1
85,Feb,1857,286.2222149716118,284.27795282364883,K,historical,IPSL-CM6A-LR,r9i1p1f1
86,Mar,1857,286.59835380758835,284.8799684547588,K,historical,IPSL-CM6A-LR,r9i1p1f1
87,Apr,1857,287.24527310196333,285.86191911872714,K,historical,IPSL-CM6A-LR,r9i1p1f1
88,May,1857,287.7347540607182,286.7529269085402,K,historical,IPSL-CM6A-LR,r9i1p1f1
89,Jun,1857,288.18784527081004,287.5647517546557,K,historical,IPSL-CM6A-LR,r9i1p1f1
90,Jul,1857,288.4715436883528,287.98529875228695,K,historical,IPSL-CM6A-LR,r9i1p1f1
91,Aug,1857,288.5003033116934,287.9525542365906,K,historical,IPSL-CM6A-LR,r9i1p1f1
92,Sep,1857,287.9288422338051,287.12015987123374,K,historical,IPSL-CM6A-LR,r9i1p1f1
93,Oct,1857,287.267496991114,286.2067580883171,K,historical,IPSL-CM6A-LR,r9i1p1f1
94,Nov,1857,286.4172357960561,284.89958359413026,K,historical,IPSL-CM6A-LR,r9i1p1f1
95,Dec,1857,285.7313539396678,283.87657610291353,K,historical,IPSL-CM6A-LR,r9i1p1f1
96,Jan,1858,285.586246804069,283.71883011923853,K,historical,IPSL-CM6A-LR,r9i1p1f1
97,Feb,1858,286.0902148693473,284.131259020273,K,historical,IPSL-CM6A-LR,r9i1p1f1
98,Mar,1858,286.6002318430768,284.96012402399725,K,historical,IPSL-CM6A-LR,r9i1p1f1
99,Apr,1858,287.2127228903551,285.846100718378,K,historical,IPSL-CM6A-LR,r9i1p1f1
100,May,1858,287.632382892345,286.69201649367153,K,historical,IPSL-CM6A-LR,r9i1p1f1
101,Jun,1858,288.2166820834791,287.5689599478575,K,historical,IPSL-CM6A-LR,r9i1p1f1
102,Jul,1858,288.4549017425644,287.9325749976545,K,historical,IPSL-CM6A-LR,r9i1p1f1
103,Aug,1858,288.45183410691084,287.9136530533509,K,historical,IPSL-CM6A-LR,r9i1p1f1
104,Sep,1858,288.063581395097,287.2984479856988,K,historical,IPSL-CM6A-LR,r9i1p1f1
105,Oct,1858,287.1670219328107,286.05884955113737,K,historical,IPSL-CM6A-LR,r9i1p1f1
106,Nov,1858,286.3947339355511,284.821245424502,K,historical,IPSL-CM6A-LR,r9i1p1f1
107,Dec,1858,285.65220059901117,283.89495560342846,K,historical,IPSL-CM6A-LR,r9i1p1f1
108,Jan,1859,285.51485925734477,283.60056901636784,K,historical,IPSL-CM6A-LR,r9i1p1f1
109,Feb,1859,286.13179307252733,284.2542986866451,K,historical,IPSL-CM6A-LR,r9i1p1f1
110,Mar,1859,286.57784656265784,284.88594969551036,K,historical,IPSL-CM6A-LR,r9i1p1f1
111,Apr,1859,287.0580977704521,285.70362856328666,K,historical,IPSL-CM6A-LR,r9i1p1f1
112,May,1859,287.6535864496871,286.67064947127886,K,historical,IPSL-CM6A-LR,r9i1p1f1
113,Jun,1859,288.4163060105873,287.75318420174443,K,historical,IPSL-CM6A-LR,r9i1p1f1
114,Jul,1859,288.6257683504619,288.1081812082731,K,historical,IPSL-CM6A-LR,r9i1p1f1
115,Aug,1859,288.6481452699405,288.0734315823749,K,historical,IPSL-CM6A-LR,r9i1p1f1
116,Sep,1859,288.05256572640184,287.29923498029854,K,historical,IPSL-CM6A-LR,r9i1p1f1
117,Oct,1859,287.3027524648815,286.1949078218732,K,historical,IPSL-CM6A-LR,r9i1p1f1
118,Nov,1859,286.5925981111088,285.14119072795967,K,historical,IPSL-CM6A-LR,r9i1p1f1
119,Dec,1859,286.0310448845445,284.24769257471564,K,historical,IPSL-CM6A-LR,r9i1p1f1
120,Jan,1860,285.9185528319572,284.05244690580173,K,historical,IPSL-CM6A-LR,r9i1p1f1
121,Feb,1860,286.2335862651244,284.413535825698,K,historical,IPSL-CM6A-LR,r9i1p1f1
122,Mar,1860,286.7446935256442,285.0108369129249,K,historical,IPSL-CM6A-LR,r9i1p1f1
123,Apr,1860,287.33808845410607,285.90596484438703,K,historical,IPSL-CM6A-LR,r9i1p1f1
124,May,1860,287.7745804197238,286.8090428669669,K,historical,IPSL-CM6A-LR,r9i1p1f1
125,Jun,1860,288.2147853103362,287.53822498254726,K,historical,IPSL-CM6A-LR,r9i1p1f1
126,Jul,1860,288.542738135905,287.99347088911696,K,historical,IPSL-CM6A-LR,r9i1p1f1
127,Aug,1860,288.3447136789687,287.77782474098217,K,historical,IPSL-CM6A-LR,r9i1p1f1
128,Sep,1860,287.83067780143784,287.0343401888291,K,historical,IPSL-CM6A-LR,r9i1p1f1
129,Oct,1860,287.16598005359833,285.9809493430806,K,historical,IPSL-CM6A-LR,r9i1p1f1
130,Nov,1860,286.15906357705524,284.5491437696055,K,historical,IPSL-CM6A-LR,r9i1p1f1
131,Dec,1860,285.9180710444898,284.09212483005547,K,historical,IPSL-CM6A-LR,r9i1p1f1
132,Jan,1861,285.38717859834367,283.5284374120924,K,historical,IPSL-CM6A-LR,r9i1p1f1
133,Feb,1861,285.8707066905614,283.979429749372,K,historical,IPSL-CM6A-LR,r9i1p1f1
134,Mar,1861,286.62489717311297,284.87381584510325,K,historical,IPSL-CM6A-LR,r9i1p1f1
135,Apr,1861,287.1719847967695,285.7502103834665,K,historical,IPSL-CM6A-LR,r9i1p1f1
136,May,1861,287.4676597725373,286.4992970155768,K,historical,IPSL-CM6A-LR,r9i1p1f1
137,Jun,1861,287.92433085678806,287.29309583602566,K,historical,IPSL-CM6A-LR,r9i1p1f1
138,Jul,1861,288.3042205841452,287.7812805848763,K,historical,IPSL-CM6A-LR,r9i1p1f1
139,Aug,1861,288.1178309596614,287.5512025786972,K,historical,IPSL-CM6A-LR,r9i1p1f1
140,Sep,1861,287.7854466260577,286.9956471063515,K,historical,IPSL-CM6A-LR,r9i1p1f1
141,Oct,1861,287.0001568303538,285.85959363832796,K,historical,IPSL-CM6A-LR,r9i1p1f1
142,Nov,1861,286.1465703725265,284.66178065541965,K,historical,IPSL-CM6A-LR,r9i1p1f1
143,Dec,1861,285.3741796166214,283.62022239090095,K,historical,IPSL-CM6A-LR,r9i1p1f1
144,Jan,1862,285.2085895931792,283.39094727712273,K,historical,IPSL-CM6A-LR,r9i1p1f1
145,Feb,1862,285.63176889445253,283.8101630525172,K,historical,IPSL-CM6A-LR,r9i1p1f1
146,Mar,1862,286.35467544068985,284.6062806034016,K,historical,IPSL-CM6A-LR,r9i1p1f1
147,Apr,1862,286.9644622919179,285.5681050843163,K,historical,IPSL-CM6A-LR,r9i1p1f1
148,May,1862,287.56765198046304,286.57162553185964,K,historical,IPSL-CM6A-LR,r9i1p1f1
149,Jun,1862,287.952720767296,287.320416497255,K,historical,IPSL-CM6A-LR,r9i1p1f1
150,Jul,1862,288.4126048888272,287.9312397244749,K,historical,IPSL-CM6A-LR,r9i1p1f1
151,Aug,1862,288.26642415332265,287.7288266105669,K,historical,IPSL-CM6A-LR,r9i1p1f1
152,Sep,1862,287.80051226817176,287.0395579151694,K,historical,IPSL-CM6A-LR,r9i1p1f1
153,Oct,1862,287.1100606766807,285.97774456049893,K,historical,IPSL-CM6A-LR,r9i1p1f1
154,Nov,1862,286.43809758067556,284.95004683332115,K,historical,IPSL-CM6A-LR,r9i1p1f1
155,Dec,1862,285.82754147096506,283.9438321471454,K,historical,IPSL-CM6A-LR,r9i1p1f1
156,Jan,1863,285.51043851070807,283.664160157459,K,historical,IPSL-CM6A-LR,r9i1p1f1
157,Feb,1863,285.96924432363306,283.98283700504584,K,historical,IPSL-CM6A-LR,r9i1p1f1
158,Mar,1863,286.746878928323,284.99863681510584,K,historical,IPSL-CM6A-LR,r9i1p1f1
159,Apr,1863,287.10666171225466,285.74838909289025,K,historical,IPSL-CM6A-LR,r9i1p1f1
160,May,1863,287.6218603891417,286.6589451460351,K,historical,IPSL-CM6A-LR,r9i1p1f1
161,Jun,1863,288.1731206244945,287.53780626019585,K,historical,IPSL-CM6A-LR,r9i1p1f1
162,Jul,1863,288.4909401253263,287.99142923859097,K,historical,IPSL-CM6A-LR,r9i1p1f1
163,Aug,1863,288.3368419947428,287.7764344216585,K,historical,IPSL-CM6A-LR,r9i1p1f1
164,Sep,1863,287.90638895762675,287.1306789545019,K,historical,IPSL-CM6A-LR,r9i1p1f1
165,Oct,1863,287.13891861174073,285.9604450044118,K,historical,IPSL-CM6A-LR,r9i1p1f1
166,Nov,1863,286.323949524657,284.7014371697202,K,historical,IPSL-CM6A-LR,r9i1p1f1
167,Dec,1863,285.67006846313234,283.89850971986004,K,historical,IPSL-CM6A-LR,r9i1p1f1
168,Jan,1864,285.65514495143435,283.71757551379454,K,historical,IPSL-CM6A-LR,r9i1p1f1
169,Feb,1864,286.23945437088776,284.4714293056083,K,historical,IPSL-CM6A-LR,r9i1p1f1
170,Mar,1864,286.6073554532615,284.7829452410402,K,historical,IPSL-CM6A-LR,r9i1p1f1
171,Apr,1864,287.22833442753586,285.8302350118287,K,historical,IPSL-CM6A-LR,r9i1p1f1
172,May,1864,287.5634042551787,286.56688129892854,K,historical,IPSL-CM6A-LR,r9i1p1f1
173,Jun,1864,288.0474639059438,287.41667580064865,K,historical,IPSL-CM6A-LR,r9i1p1f1
174,Jul,1864,288.52782753798675,288.0293177480572,K,historical,IPSL-CM6A-LR,r9i1p1f1
175,Aug,1864,288.55783717169095,288.00428357343765,K,historical,IPSL-CM6A-LR,r9i1p1f1
176,Sep,1864,287.9145966368062,287.11941493686436,K,historical,IPSL-CM6A-LR,r9i1p1f1
177,Oct,1864,287.1403081427155,285.9938204902011,K,historical,IPSL-CM6A-LR,r9i1p1f1
178,Nov,1864,286.2651111815626,284.7555146353228,K,historical,IPSL-CM6A-LR,r9i1p1f1
179,Dec,1864,285.62377361033117,283.7216900519794,K,historical,IPSL-CM6A-LR,r9i1p1f1
180,Jan,1865,285.57377354964655,283.60664407887,K,historical,IPSL-CM6A-LR,r9i1p1f1
181,Feb,1865,285.87618317476216,283.97321564296425,K,historical,IPSL-CM6A-LR,r9i1p1f1
182,Mar,1865,286.5398348800653,284.75109875572576,K,historical,IPSL-CM6A-LR,r9i1p1f1
183,Apr,1865,287.0218083295447,285.5739034852358,K,historical,IPSL-CM6A-LR,r9i1p1f1
184,May,1865,287.57284939045593,286.6177689733105,K,historical,IPSL-CM6A-LR,r9i1p1f1
185,Jun,1865,287.9091929917943,287.28930960504397,K,historical,IPSL-CM6A-LR,r9i1p1f1
186,Jul,1865,288.5064665711039,287.98577454748374,K,historical,IPSL-CM6A-LR,r9i1p1f1
187,Aug,1865,288.49429047918863,287.90682403797115,K,historical,IPSL-CM6A-LR,r9i1p1f1
188,Sep,1865,287.91502363275004,287.1430964475951,K,historical,IPSL-CM6A-LR,r9i1p1f1
189,Oct,1865,287.1613730825053,285.9714282729957,K,historical,IPSL-CM6A-LR,r9i1p1f1
190,Nov,1865,286.35264858920215,284.8210826459807,K,historical,IPSL-CM6A-LR,r9i1p1f1
191,Dec,1865,285.75300764491834,283.9816189279219,K,historical,IPSL-CM6A-LR,r9i1p1f1
192,Jan,1866,285.6563883100626,283.72334743283886,K,historical,IPSL-CM6A-LR,r9i1p1f1
193,Feb,1866,286.0416191024903,284.1105538233907,K,historical,IPSL-CM6A-LR,r9i1p1f1
194,Mar,1866,286.5617911903139,284.8695686449353,K,historical,IPSL-CM6A-LR,r9i1p1f1
195,Apr,1866,287.2567103553666,285.82668179438866,K,historical,IPSL-CM6A-LR,r9i1p1f1
196,May,1866,287.56464372654665,286.5973874794279,K,historical,IPSL-CM6A-LR,r9i1p1f1
197,Jun,1866,288.2519344782604,287.6087170636581,K,historical,IPSL-CM6A-LR,r9i1p1f1
198,Jul,1866,288.7242390309529,288.2142484254142,K,historical,IPSL-CM6A-LR,r9i1p1f1
199,Aug,1866,288.5565989420863,288.0377830179263,K,historical,IPSL-CM6A-LR,r9i1p1f1
200,Sep,1866,288.07572540110397,287.2730948309263,K,historical,IPSL-CM6A-LR,r9i1p1f1
201,Oct,1866,287.0959926579089,285.9678547900693,K,historical,IPSL-CM6A-LR,r9i1p1f1
202,Nov,1866,286.24723231275306,284.67383112344436,K,historical,IPSL-CM6A-LR,r9i1p1f1
203,Dec,1866,285.4906146106486,283.79572764861166,K,historical,IPSL-CM6A-LR,r9i1p1f1
204,Jan,1867,285.3385640397623,283.489514902731,K,historical,IPSL-CM6A-LR,r9i1p1f1
205,Feb,1867,285.50334858869144,283.66333827935136,K,historical,IPSL-CM6A-LR,r9i1p1f1
206,Mar,1867,286.2129246443705,284.4680803134628,K,historical,IPSL-CM6A-LR,r9i1p1f1
207,Apr,1867,287.0134793548509,285.7620231892293,K,historical,IPSL-CM6A-LR,r9i1p1f1
208,May,1867,287.35836757666476,286.3923250064672,K,historical,IPSL-CM6A-LR,r9i1p1f1
209,Jun,1867,287.68319208442125,287.0413793483017,K,historical,IPSL-CM6A-LR,r9i1p1f1
210,Jul,1867,288.1263954161878,287.6460204219669,K,historical,IPSL-CM6A-LR,r9i1p1f1
211,Aug,1867,288.0937186422456,287.54707777793647,K,historical,IPSL-CM6A-LR,r9i1p1f1
212,Sep,1867,287.52811119713795,286.7056302298003,K,historical,IPSL-CM6A-LR,r9i1p1f1
213,Oct,1867,286.86822150694155,285.71545153890094,K,historical,IPSL-CM6A-LR,r9i1p1f1
214,Nov,1867,285.9431811249022,284.2710189227738,K,historical,IPSL-CM6A-LR,r9i1p1f1
215,Dec,1867,285.4371381459458,283.55186594329774,K,historical,IPSL-CM6A-LR,r9i1p1f1
216,Jan,1868,285.1213319188733,283.1946027060057,K,historical,IPSL-CM6A-LR,r9i1p1f1
217,Feb,1868,285.70837033724945,283.6660325779311,K,historical,IPSL-CM6A-LR,r9i1p1f1
218,Mar,1868,286.358276152817,284.5499260381447,K,historical,IPSL-CM6A-LR,r9i1p1f1
219,Apr,1868,286.99534777930825,285.5787252797806,K,historical,IPSL-CM6A-LR,r9i1p1f1
220,May,1868,287.5678524609539,286.586227288634,K,historical,IPSL-CM6A-LR,r9i1p1f1
221,Jun,1868,288.0800811256507,287.43990399599255,K,historical,IPSL-CM6A-LR,r9i1p1f1
222,Jul,1868,288.3827428785764,287.86592312919925,K,historical,IPSL-CM6A-LR,r9i1p1f1
223,Aug,1868,288.2801792728753,287.71382472979127,K,historical,IPSL-CM6A-LR,r9i1p1f1
224,Sep,1868,287.80318822360493,287.0011665190294,K,historical,IPSL-CM6A-LR,r9i1p1f1
225,Oct,1868,287.24324239157767,286.08383941455037,K,historical,IPSL-CM6A-LR,r9i1p1f1
226,Nov,1868,286.5305794115052,284.96131199713585,K,historical,IPSL-CM6A-LR,r9i1p1f1
227,Dec,1868,285.9317628221381,284.07970573854146,K,historical,IPSL-CM6A-LR,r9i1p1f1
228,Jan,1869,285.8895256793645,283.9204189438912,K,historical,IPSL-CM6A-LR,r9i1p1f1
229,Feb,1869,286.37281336712584,284.33297272681955,K,historical,IPSL-CM6A-LR,r9i1p1f1
230,Mar,1869,286.8541575143228,285.1074993492344,K,historical,IPSL-CM6A-LR,r9i1p1f1
231,Apr,1869,287.261520640369,285.8153867702915,K,historical,IPSL-CM6A-LR,r9i1p1f1
232,May,1869,287.6434669692064,286.6759183232104,K,historical,IPSL-CM6A-LR,r9i1p1f1
233,Jun,1869,288.183740661044,287.5310329674922,K,historical,IPSL-CM6A-LR,r9i1p1f1
234,Jul,1869,288.6563799178259,288.1385791684647,K,historical,IPSL-CM6A-LR,r9i1p1f1
235,Aug,1869,288.6889636735565,288.13815367239704,K,historical,IPSL-CM6A-LR,r9i1p1f1
236,Sep,1869,288.11947300629583,287.3274403401399,K,historical,IPSL-CM6A-LR,r9i1p1f1
237,Oct,1869,287.17513192016975,285.98461745670585,K,historical,IPSL-CM6A-LR,r9i1p1f1
238,Nov,1869,286.51575341704245,284.88991369194935,K,historical,IPSL-CM6A-LR,r9i1p1f1
239,Dec,1869,285.7023727477589,284.01986189424207,K,historical,IPSL-CM6A-LR,r9i1p1f1
240,Jan,1870,285.480005504526,283.7324949362374,K,historical,IPSL-CM6A-LR,r9i1p1f1
241,Feb,1870,285.9345239953726,283.9761188800332,K,historical,IPSL-CM6A-LR,r9i1p1f1
242,Mar,1870,286.5433624406035,284.80097762080067,K,historical,IPSL-CM6A-LR,r9i1p1f1
243,Apr,1870,287.3002724500474,285.9395228178521,K,historical,IPSL-CM6A-LR,r9i1p1f1
244,May,1870,287.63442632877286,286.71494371331727,K,historical,IPSL-CM6A-LR,r9i1p1f1
245,Jun,1870,288.2343451498149,287.60178323527225,K,historical,IPSL-CM6A-LR,r9i1p1f1
246,Jul,1870,288.3670503353041,287.8645112190642,K,historical,IPSL-CM6A-LR,r9i1p1f1
247,Aug,1870,288.43420396565165,287.86386148176115,K,historical,IPSL-CM6A-LR,r9i1p1f1
248,Sep,1870,287.88743568286185,287.03634770975737,K,historical,IPSL-CM6A-LR,r9i1p1f1
249,Oct,1870,286.9942791051544,285.8108914241679,K,historical,IPSL-CM6A-LR,r9i1p1f1
250,Nov,1870,286.3692342815776,284.83660076582,K,historical,IPSL-CM6A-LR,r9i1p1f1
251,Dec,1870,285.7580799764165,284.0334250166033,K,historical,IPSL-CM6A-LR,r9i1p1f1
252,Jan,1871,285.3123474833377,283.4686921695184,K,historical,IPSL-CM6A-LR,r9i1p1f1
253,Feb,1871,285.66626822727693,283.83512008604487,K,historical,IPSL-CM6A-LR,r9i1p1f1
254,Mar,1871,286.5055377150561,284.72778949990146,K,historical,IPSL-CM6A-LR,r9i1p1f1
255,Apr,1871,287.03930531191116,285.626107774705,K,historical,IPSL-CM6A-LR,r9i1p1f1
256,May,1871,287.5440176288926,286.5705521473101,K,historical,IPSL-CM6A-LR,r9i1p1f1
257,Jun,1871,287.8493169064667,287.2036507252721,K,historical,IPSL-CM6A-LR,r9i1p1f1
258,Jul,1871,288.5172098807506,288.00544825151985,K,historical,IPSL-CM6A-LR,r9i1p1f1
259,Aug,1871,288.32541884553274,287.75656903018285,K,historical,IPSL-CM6A-LR,r9i1p1f1
260,Sep,1871,287.9172957811965,287.0783357882321,K,historical,IPSL-CM6A-LR,r9i1p1f1
261,Oct,1871,287.13829598032765,285.9195175186834,K,historical,IPSL-CM6A-LR,r9i1p1f1
262,Nov,1871,286.3409639237357,284.77476831901237,K,historical,IPSL-CM6A-LR,r9i1p1f1
263,Dec,1871,285.73767698847234,283.85119641037505,K,historical,IPSL-CM6A-LR,r9i1p1f1
264,Jan,1872,285.7384144990024,283.8016479965519,K,historical,IPSL-CM6A-LR,r9i1p1f1
265,Feb,1872,285.6057212667035,283.7738922658134,K,historical,IPSL-CM6A-LR,r9i1p1f1
266,Mar,1872,286.3612047827219,284.58822664046414,K,historical,IPSL-CM6A-LR,r9i1p1f1
267,Apr,1872,287.0675275391076,285.6033341985693,K,historical,IPSL-CM6A-LR,r9i1p1f1
268,May,1872,287.6245883222573,286.6476963533907,K,historical,IPSL-CM6A-LR,r9i1p1f1
269,Jun,1872,288.0191477664836,287.36547276507133,K,historical,IPSL-CM6A-LR,r9i1p1f1
270,Jul,1872,288.5833790395838,288.0847772108484,K,historical,IPSL-CM6A-LR,r9i1p1f1
271,Aug,1872,288.4492984641718,287.89579695995104,K,historical,IPSL-CM6A-LR,r9i1p1f1
272,Sep,1872,287.96536759472053,287.16209675601266,K,historical,IPSL-CM6A-LR,r9i1p1f1
273,Oct,1872,287.2202579158735,286.03824030195256,K,historical,IPSL-CM6A-LR,r9i1p1f1
274,Nov,1872,286.516709807191,284.86959269702845,K,historical,IPSL-CM6A-LR,r9i1p1f1
275,Dec,1872,285.7653263461981,283.95419663841284,K,historical,IPSL-CM6A-LR,r9i1p1f1
276,Jan,1873,285.4347682380682,283.6373880324785,K,historical,IPSL-CM6A-LR,r9i1p1f1
277,Feb,1873,285.9397493878575,283.98162016070575,K,historical,IPSL-CM6A-LR,r9i1p1f1
278,Mar,1873,286.5845216529283,284.83053015316034,K,historical,IPSL-CM6A-LR,r9i1p1f1
279,Apr,1873,287.35697458107785,285.9717844653282,K,historical,IPSL-CM6A-LR,r9i1p1f1
280,May,1873,287.6245948548251,286.67669654354216,K,historical,IPSL-CM6A-LR,r9i1p1f1
281,Jun,1873,288.09511804820403,287.449596618057,K,historical,IPSL-CM6A-LR,r9i1p1f1
282,Jul,1873,288.4780149563104,287.9462010700148,K,historical,IPSL-CM6A-LR,r9i1p1f1
283,Aug,1873,288.36901156445333,287.7747587179559,K,historical,IPSL-CM6A-LR,r9i1p1f1
284,Sep,1873,287.79017586929297,286.9252737734006,K,historical,IPSL-CM6A-LR,r9i1p1f1
285,Oct,1873,287.0751749517986,285.8574575788245,K,historical,IPSL-CM6A-LR,r9i1p1f1
286,Nov,1873,286.1278823399642,284.61228148145284,K,historical,IPSL-CM6A-LR,r9i1p1f1
287,Dec,1873,285.7883900866599,283.913293305744,K,historical,IPSL-CM6A-LR,r9i1p1f1
288,Jan,1874,285.57535229818797,283.79332079000557,K,historical,IPSL-CM6A-LR,r9i1p1f1
289,Feb,1874,285.7804592157715,283.8710470168028,K,historical,IPSL-CM6A-LR,r9i1p1f1
290,Mar,1874,286.32859107844985,284.652819734595,K,historical,IPSL-CM6A-LR,r9i1p1f1
291,Apr,1874,287.12903578561634,285.79342351130225,K,historical,IPSL-CM6A-LR,r9i1p1f1
292,May,1874,287.78801017942,286.7960512665095,K,historical,IPSL-CM6A-LR,r9i1p1f1
293,Jun,1874,288.0606128081899,287.4303047635456,K,historical,IPSL-CM6A-LR,r9i1p1f1
294,Jul,1874,288.4624382618572,287.94760189391604,K,historical,IPSL-CM6A-LR,r9i1p1f1
295,Aug,1874,288.5231354199523,287.9422918601182,K,historical,IPSL-CM6A-LR,r9i1p1f1
296,Sep,1874,287.9989185741115,287.19230946313326,K,historical,IPSL-CM6A-LR,r9i1p1f1
297,Oct,1874,287.179400393342,285.9362814120998,K,historical,IPSL-CM6A-LR,r9i1p1f1
298,Nov,1874,286.23393817426364,284.6277772998123,K,historical,IPSL-CM6A-LR,r9i1p1f1
299,Dec,1874,285.53184333427544,283.81885187155086,K,historical,IPSL-CM6A-LR,r9i1p1f1
300,Jan,1875,285.42284753504964,283.5283408483692,K,historical,IPSL-CM6A-LR,r9i1p1f1
301,Feb,1875,285.57755390586027,283.6735167176516,K,historical,IPSL-CM6A-LR,r9i1p1f1
302,Mar,1875,286.4390083096183,284.6078036360717,K,historical,IPSL-CM6A-LR,r9i1p1f1
303,Apr,1875,287.12851007275475,285.6969556490169,K,historical,IPSL-CM6A-LR,r9i1p1f1
304,May,1875,287.5576366773856,286.5522251860011,K,historical,IPSL-CM6A-LR,r9i1p1f1
305,Jun,1875,287.85412744858223,287.1758321452091,K,historical,IPSL-CM6A-LR,r9i1p1f1
306,Jul,1875,288.1696807245257,287.6649062233225,K,historical,IPSL-CM6A-LR,r9i1p1f1
307,Aug,1875,288.2948644613881,287.7290099816649,K,historical,IPSL-CM6A-LR,r9i1p1f1
308,Sep,1875,287.69812077971756,286.89582495633886,K,historical,IPSL-CM6A-LR,r9i1p1f1
309,Oct,1875,287.00354081477064,285.815971375852,K,historical,IPSL-CM6A-LR,r9i1p1f1
310,Nov,1875,286.2431827164106,284.70823608381414,K,historical,IPSL-CM6A-LR,r9i1p1f1
311,Dec,1875,285.5904131570668,283.88037718121586,K,historical,IPSL-CM6A-LR,r9i1p1f1
312,Jan,1876,285.27571158094577,283.42035043232255,K,historical,IPSL-CM6A-LR,r9i1p1f1
313,Feb,1876,285.5398365639759,283.5170770217103,K,historical,IPSL-CM6A-LR,r9i1p1f1
314,Mar,1876,286.1687244405152,284.37138345642757,K,historical,IPSL-CM6A-LR,r9i1p1f1
315,Apr,1876,286.9212809393214,285.596349243355,K,historical,IPSL-CM6A-LR,r9i1p1f1
316,May,1876,287.44901049299256,286.5421928332221,K,historical,IPSL-CM6A-LR,r9i1p1f1
317,Jun,1876,287.8379060446541,287.2153303900982,K,historical,IPSL-CM6A-LR,r9i1p1f1
318,Jul,1876,288.12136528645215,287.6367069109199,K,historical,IPSL-CM6A-LR,r9i1p1f1
319,Aug,1876,288.2620365565337,287.70067053012957,K,historical,IPSL-CM6A-LR,r9i1p1f1
320,Sep,1876,287.6622491262392,286.86404920545016,K,historical,IPSL-CM6A-LR,r9i1p1f1
321,Oct,1876,286.8253262860312,285.65984583715203,K,historical,IPSL-CM6A-LR,r9i1p1f1
322,Nov,1876,286.16609682685504,284.53768288624184,K,historical,IPSL-CM6A-LR,r9i1p1f1
323,Dec,1876,285.5251575296452,283.7364374432608,K,historical,IPSL-CM6A-LR,r9i1p1f1
324,Jan,1877,285.4103272632195,283.48483024462917,K,historical,IPSL-CM6A-LR,r9i1p1f1
325,Feb,1877,285.77748942280914,283.9605556199783,K,historical,IPSL-CM6A-LR,r9i1p1f1
326,Mar,1877,286.30175719018666,284.55942267838986,K,historical,IPSL-CM6A-LR,r9i1p1f1
327,Apr,1877,287.0249745432447,285.57591657248975,K,historical,IPSL-CM6A-LR,r9i1p1f1
328,May,1877,287.517175175617,286.48226719394324,K,historical,IPSL-CM6A-LR,r9i1p1f1
329,Jun,1877,288.04556218361796,287.3691021380175,K,historical,IPSL-CM6A-LR,r9i1p1f1
330,Jul,1877,288.3474580534986,287.8190164632464,K,historical,IPSL-CM6A-LR,r9i1p1f1
331,Aug,1877,288.43608669445194,287.82336089163016,K,historical,IPSL-CM6A-LR,r9i1p1f1
332,Sep,1877,287.78395929881583,286.95717839892893,K,historical,IPSL-CM6A-LR,r9i1p1f1
333,Oct,1877,286.9075779182965,285.6960132047635,K,historical,IPSL-CM6A-LR,r9i1p1f1
334,Nov,1877,286.4026705827855,284.8551285293332,K,historical,IPSL-CM6A-LR,r9i1p1f1
335,Dec,1877,285.60288964196167,283.85361158144815,K,historical,IPSL-CM6A-LR,r9i1p1f1
336,Jan,1878,285.4476482591385,283.47806800975934,K,historical,IPSL-CM6A-LR,r9i1p1f1
337,Feb,1878,285.9247729786634,283.9538321673277,K,historical,IPSL-CM6A-LR,r9i1p1f1
338,Mar,1878,286.36247752754167,284.66994092840804,K,historical,IPSL-CM6A-LR,r9i1p1f1
339,Apr,1878,287.13440159951426,285.7637265624771,K,historical,IPSL-CM6A-LR,r9i1p1f1
340,May,1878,287.5527562089674,286.5701166268452,K,historical,IPSL-CM6A-LR,r9i1p1f1
341,Jun,1878,288.07557894476844,287.4466175181921,K,historical,IPSL-CM6A-LR,r9i1p1f1
342,Jul,1878,288.21698105281587,287.7101693814379,K,historical,IPSL-CM6A-LR,r9i1p1f1
343,Aug,1878,288.2161341887922,287.67725305717755,K,historical,IPSL-CM6A-LR,r9i1p1f1
344,Sep,1878,287.80774926848187,287.03885041323974,K,historical,IPSL-CM6A-LR,r9i1p1f1
345,Oct,1878,287.1861957318122,286.0351915216689,K,historical,IPSL-CM6A-LR,r9i1p1f1
346,Nov,1878,286.3787136096611,284.7176157613246,K,historical,IPSL-CM6A-LR,r9i1p1f1
347,Dec,1878,285.47040090057584,283.79769015600243,K,historical,IPSL-CM6A-LR,r9i1p1f1
348,Jan,1879,285.7921090039783,283.82838332308097,K,historical,IPSL-CM6A-LR,r9i1p1f1
349,Feb,1879,285.9704292271554,284.03493520981635,K,historical,IPSL-CM6A-LR,r9i1p1f1
350,Mar,1879,286.5395210372942,284.7407793168976,K,historical,IPSL-CM6A-LR,r9i1p1f1
351,Apr,1879,287.34119873751087,285.9213803372382,K,historical,IPSL-CM6A-LR,r9i1p1f1
352,May,1879,287.6797316284316,286.6923039602347,K,historical,IPSL-CM6A-LR,r9i1p1f1
353,Jun,1879,288.1573544031772,287.5159159449611,K,historical,IPSL-CM6A-LR,r9i1p1f1
354,Jul,1879,288.4688358932231,287.97173410284313,K,historical,IPSL-CM6A-LR,r9i1p1f1
355,Aug,1879,288.5436955680908,288.00745122506345,K,historical,IPSL-CM6A-LR,r9i1p1f1
356,Sep,1879,287.8402899985714,287.0440490207294,K,historical,IPSL-CM6A-LR,r9i1p1f1
357,Oct,1879,287.13593925917024,285.91805400145336,K,historical,IPSL-CM6A-LR,r9i1p1f1
358,Nov,1879,286.4728170698206,284.8764678841018,K,historical,IPSL-CM6A-LR,r9i1p1f1
359,Dec,1879,285.59192906387807,283.84977000748796,K,historical,IPSL-CM6A-LR,r9i1p1f1
360,Jan,1880,285.5528646106024,283.58888186525536,K,historical,IPSL-CM6A-LR,r9i1p1f1
361,Feb,1880,285.6333776399406,283.78172380302993,K,historical,IPSL-CM6A-LR,r9i1p1f1
362,Mar,1880,286.47696037639776,284.63608562512707,K,historical,IPSL-CM6A-LR,r9i1p1f1
363,Apr,1880,287.0482551014473,285.7289322318183,K,historical,IPSL-CM6A-LR,r9i1p1f1
364,May,1880,287.50928720643304,286.56236126806436,K,historical,IPSL-CM6A-LR,r9i1p1f1
365,Jun,1880,287.9970929954908,287.366397518098,K,historical,IPSL-CM6A-LR,r9i1p1f1
366,Jul,1880,288.1477498737102,287.65764563553296,K,historical,IPSL-CM6A-LR,r9i1p1f1
367,Aug,1880,288.2014853446863,287.6355633064104,K,historical,IPSL-CM6A-LR,r9i1p1f1
368,Sep,1880,287.77467695423724,286.98021477248454,K,historical,IPSL-CM6A-LR,r9i1p1f1
369,Oct,1880,286.91041167317843,285.7520588047757,K,historical,IPSL-CM6A-LR,r9i1p1f1
370,Nov,1880,286.1031144468237,284.6731378706171,K,historical,IPSL-CM6A-LR,r9i1p1f1
371,Dec,1880,285.5728976870213,283.68520182837005,K,historical,IPSL-CM6A-LR,r9i1p1f1
372,Jan,1881,285.4712111311005,283.64160272171574,K,historical,IPSL-CM6A-LR,r9i1p1f1
373,Feb,1881,285.6755375512561,283.5956161040146,K,historical,IPSL-CM6A-LR,r9i1p1f1
374,Mar,1881,286.5226570085993,284.6742656488528,K,historical,IPSL-CM6A-LR,r9i1p1f1
375,Apr,1881,287.1638524307664,285.74714406168505,K,historical,IPSL-CM6A-LR,r9i1p1f1
376,May,1881,287.53223859191513,286.5616618124151,K,historical,IPSL-CM6A-LR,r9i1p1f1
377,Jun,1881,287.90011110068707,287.243232227562,K,historical,IPSL-CM6A-LR,r9i1p1f1
378,Jul,1881,288.314961347439,287.7935823237387,K,historical,IPSL-CM6A-LR,r9i1p1f1
379,Aug,1881,288.3652966976553,287.78608368555126,K,historical,IPSL-CM6A-LR,r9i1p1f1
380,Sep,1881,287.8983463288434,287.12448471539403,K,historical,IPSL-CM6A-LR,r9i1p1f1
381,Oct,1881,287.25813843165906,286.1102909220387,K,historical,IPSL-CM6A-LR,r9i1p1f1
382,Nov,1881,286.43247983208613,284.89894519341414,K,historical,IPSL-CM6A-LR,r9i1p1f1
383,Dec,1881,285.80849092822586,284.0162159633827,K,historical,IPSL-CM6A-LR,r9i1p1f1
384,Jan,1882,285.6155684381158,283.81881864059454,K,historical,IPSL-CM6A-LR,r9i1p1f1
385,Feb,1882,285.5915398405654,283.74350954039284,K,historical,IPSL-CM6A-LR,r9i1p1f1
386,Mar,1882,286.4245745868573,284.6270542726455,K,historical,IPSL-CM6A-LR,r9i1p1f1
387,Apr,1882,287.0462390654522,285.61335966552065,K,historical,IPSL-CM6A-LR,r9i1p1f1
388,May,1882,287.65817059069326,286.68893242892534,K,historical,IPSL-CM6A-LR,r9i1p1f1
389,Jun,1882,288.110671471852,287.4769566454475,K,historical,IPSL-CM6A-LR,r9i1p1f1
390,Jul,1882,288.51530422311873,287.9971761257742,K,historical,IPSL-CM6A-LR,r9i1p1f1
391,Aug,1882,288.4466359054636,287.89747751932924,K,historical,IPSL-CM6A-LR,r9i1p1f1
392,Sep,1882,288.11979254465075,287.2972320753998,K,historical,IPSL-CM6A-LR,r9i1p1f1
393,Oct,1882,287.3180812039394,286.192260285156,K,historical,IPSL-CM6A-LR,r9i1p1f1
394,Nov,1882,286.4583458787655,284.898081346211,K,historical,IPSL-CM6A-LR,r9i1p1f1
395,Dec,1882,285.79086720495616,284.0661656939383,K,historical,IPSL-CM6A-LR,r9i1p1f1
396,Jan,1883,285.61721482930096,283.69293788028256,K,historical,IPSL-CM6A-LR,r9i1p1f1
397,Feb,1883,286.058847199373,284.137073168353,K,historical,IPSL-CM6A-LR,r9i1p1f1
398,Mar,1883,286.617403437993,284.87486778353036,K,historical,IPSL-CM6A-LR,r9i1p1f1
399,Apr,1883,287.2526312743258,285.87568978859065,K,historical,IPSL-CM6A-LR,r9i1p1f1
400,May,1883,287.7051167083519,286.7703609705277,K,historical,IPSL-CM6A-LR,r9i1p1f1
401,Jun,1883,288.1625697237681,287.54866582921454,K,historical,IPSL-CM6A-LR,r9i1p1f1
402,Jul,1883,288.582791006575,288.0916380573873,K,historical,IPSL-CM6A-LR,r9i1p1f1
403,Aug,1883,288.4732377835712,287.9253032167102,K,historical,IPSL-CM6A-LR,r9i1p1f1
404,Sep,1883,287.9085134583507,287.15228258845644,K,historical,IPSL-CM6A-LR,r9i1p1f1
405,Oct,1883,287.02205968683455,285.9503206035668,K,historical,IPSL-CM6A-LR,r9i1p1f1
406,Nov,1883,286.1437053453191,284.6042615365847,K,historical,IPSL-CM6A-LR,r9i1p1f1
407,Dec,1883,285.25884880348417,283.5015311883916,K,historical,IPSL-CM6A-LR,r9i1p1f1
408,Jan,1884,285.134277050765,283.31126802550295,K,historical,IPSL-CM6A-LR,r9i1p1f1
409,Feb,1884,285.45867681243277,283.52759032350957,K,historical,IPSL-CM6A-LR,r9i1p1f1
410,Mar,1884,286.1460923424546,284.30507354987145,K,historical,IPSL-CM6A-LR,r9i1p1f1
411,Apr,1884,286.7406751528667,285.38479178051347,K,historical,IPSL-CM6A-LR,r9i1p1f1
412,May,1884,287.2600940483697,286.36143685128684,K,historical,IPSL-CM6A-LR,r9i1p1f1
413,Jun,1884,287.71128590221434,287.03417033452746,K,historical,IPSL-CM6A-LR,r9i1p1f1
414,Jul,1884,288.1854455782678,287.66416064523986,K,historical,IPSL-CM6A-LR,r9i1p1f1
415,Aug,1884,288.20588267355174,287.63821810668594,K,historical,IPSL-CM6A-LR,r9i1p1f1
416,Sep,1884,287.65687181254185,286.86821697837286,K,historical,IPSL-CM6A-LR,r9i1p1f1
417,Oct,1884,286.91613706093244,285.7866226049468,K,historical,IPSL-CM6A-LR,r9i1p1f1
418,Nov,1884,286.14191943213274,284.54780774001443,K,historical,IPSL-CM6A-LR,r9i1p1f1
419,Dec,1884,285.4261186290667,283.69770081080264,K,historical,IPSL-CM6A-LR,r9i1p1f1
420,Jan,1885,285.36068728402176,283.46480784665283,K,historical,IPSL-CM6A-LR,r9i1p1f1
421,Feb,1885,285.7323336964877,283.780759132257,K,historical,IPSL-CM6A-LR,r9i1p1f1
422,Mar,1885,286.3827217250023,284.6544749105114,K,historical,IPSL-CM6A-LR,r9i1p1f1
423,Apr,1885,286.8109878460598,285.5163634801768,K,historical,IPSL-CM6A-LR,r9i1p1f1
424,May,1885,287.37515902478356,286.4212960795236,K,historical,IPSL-CM6A-LR,r9i1p1f1
425,Jun,1885,287.87566968151884,287.2396298880609,K,historical,IPSL-CM6A-LR,r9i1p1f1
426,Jul,1885,288.1940931191246,287.6887387480979,K,historical,IPSL-CM6A-LR,r9i1p1f1
427,Aug,1885,288.33476650214834,287.78427368039104,K,historical,IPSL-CM6A-LR,r9i1p1f1
428,Sep,1885,287.75791089970505,286.96607949110705,K,historical,IPSL-CM6A-LR,r9i1p1f1
429,Oct,1885,286.92368398000525,285.76654663922176,K,historical,IPSL-CM6A-LR,r9i1p1f1
430,Nov,1885,286.2664203459141,284.69889999979927,K,historical,IPSL-CM6A-LR,r9i1p1f1
431,Dec,1885,285.4392976423451,283.73782171624845,K,historical,IPSL-CM6A-LR,r9i1p1f1
432,Jan,1886,285.2314159429853,283.2300924847006,K,historical,IPSL-CM6A-LR,r9i1p1f1
433,Feb,1886,285.9041946110909,283.8378357591787,K,historical,IPSL-CM6A-LR,r9i1p1f1
434,Mar,1886,286.3882468085606,284.64391202213716,K,historical,IPSL-CM6A-LR,r9i1p1f1
435,Apr,1886,286.95698723958475,285.60818587090824,K,historical,IPSL-CM6A-LR,r9i1p1f1
436,May,1886,287.2902057297304,286.3123296638878,K,historical,IPSL-CM6A-LR,r9i1p1f1
437,Jun,1886,287.61777978505694,287.0069131228199,K,historical,IPSL-CM6A-LR,r9i1p1f1
438,Jul,1886,288.07152090402457,287.5703903865258,K,historical,IPSL-CM6A-LR,r9i1p1f1
439,Aug,1886,288.1407964020235,287.59522558474,K,historical,IPSL-CM6A-LR,r9i1p1f1
440,Sep,1886,287.449423302935,286.6855215423675,K,historical,IPSL-CM6A-LR,r9i1p1f1
441,Oct,1886,286.6214028005145,285.4970151452959,K,historical,IPSL-CM6A-LR,r9i1p1f1
442,Nov,1886,285.7047931394049,284.1113839228244,K,historical,IPSL-CM6A-LR,r9i1p1f1
443,Dec,1886,284.97451691353257,283.13141379916476,K,historical,IPSL-CM6A-LR,r9i1p1f1
444,Jan,1887,284.87942120908997,282.98450909439265,K,historical,IPSL-CM6A-LR,r9i1p1f1
445,Feb,1887,285.34906621325024,283.40343723998166,K,historical,IPSL-CM6A-LR,r9i1p1f1
446,Mar,1887,286.0796908423367,284.3772845852041,K,historical,IPSL-CM6A-LR,r9i1p1f1
447,Apr,1887,286.7249122217159,285.2768428168291,K,historical,IPSL-CM6A-LR,r9i1p1f1
448,May,1887,287.2486199229372,286.2642213514594,K,historical,IPSL-CM6A-LR,r9i1p1f1
449,Jun,1887,287.7376773465648,287.06177595601986,K,historical,IPSL-CM6A-LR,r9i1p1f1
450,Jul,1887,288.21639411055014,287.7046831556421,K,historical,IPSL-CM6A-LR,r9i1p1f1
451,Aug,1887,288.12692924590215,287.5748358101981,K,historical,IPSL-CM6A-LR,r9i1p1f1
452,Sep,1887,287.6099626217506,286.80340943605563,K,historical,IPSL-CM6A-LR,r9i1p1f1
453,Oct,1887,286.93758416633773,285.71143675088285,K,historical,IPSL-CM6A-LR,r9i1p1f1
454,Nov,1887,285.97985160163785,284.4124108915967,K,historical,IPSL-CM6A-LR,r9i1p1f1
455,Dec,1887,285.44356376145385,283.6076085319786,K,historical,IPSL-CM6A-LR,r9i1p1f1
456,Jan,1888,285.505009418765,283.59034961889233,K,historical,IPSL-CM6A-LR,r9i1p1f1
457,Feb,1888,285.740971343161,283.7656539470734,K,historical,IPSL-CM6A-LR,r9i1p1f1
458,Mar,1888,286.3951703584377,284.50777800565385,K,historical,IPSL-CM6A-LR,r9i1p1f1
459,Apr,1888,286.9652597444532,285.5751365510183,K,historical,IPSL-CM6A-LR,r9i1p1f1
460,May,1888,287.6813356630221,286.75846740247187,K,historical,IPSL-CM6A-LR,r9i1p1f1
461,Jun,1888,288.1917804052748,287.5431567125389,K,historical,IPSL-CM6A-LR,r9i1p1f1
462,Jul,1888,288.47607929441386,287.97142493743723,K,historical,IPSL-CM6A-LR,r9i1p1f1
463,Aug,1888,288.4161094264615,287.835552874494,K,historical,IPSL-CM6A-LR,r9i1p1f1
464,Sep,1888,287.8762535269873,287.07554624263946,K,historical,IPSL-CM6A-LR,r9i1p1f1
465,Oct,1888,287.2297871048002,286.04028197347,K,historical,IPSL-CM6A-LR,r9i1p1f1
466,Nov,1888,286.44505213034427,284.9085796616843,K,historical,IPSL-CM6A-LR,r9i1p1f1
467,Dec,1888,285.7989223508736,284.1090827581836,K,historical,IPSL-CM6A-LR,r9i1p1f1
468,Jan,1889,285.6347421151656,283.7625213197913,K,historical,IPSL-CM6A-LR,r9i1p1f1
469,Feb,1889,285.98503494404105,284.08487114697544,K,historical,IPSL-CM6A-LR,r9i1p1f1
470,Mar,1889,286.65212085732475,284.9532532349581,K,historical,IPSL-CM6A-LR,r9i1p1f1
471,Apr,1889,287.28221566041526,285.8787777445478,K,historical,IPSL-CM6A-LR,r9i1p1f1
472,May,1889,287.7561194211424,286.7677602268779,K,historical,IPSL-CM6A-LR,r9i1p1f1
473,Jun,1889,288.1057098308719,287.4432024387058,K,historical,IPSL-CM6A-LR,r9i1p1f1
474,Jul,1889,288.3650514429247,287.8506016394671,K,historical,IPSL-CM6A-LR,r9i1p1f1
475,Aug,1889,288.3790767419284,287.81503371154395,K,historical,IPSL-CM6A-LR,r9i1p1f1
476,Sep,1889,287.91894215254626,287.12796308494535,K,historical,IPSL-CM6A-LR,r9i1p1f1
477,Oct,1889,287.1288508185949,285.96216419842034,K,historical,IPSL-CM6A-LR,r9i1p1f1
478,Nov,1889,286.3225491777506,284.7229766458089,K,historical,IPSL-CM6A-LR,r9i1p1f1
479,Dec,1889,285.73392621868305,283.9729528587391,K,historical,IPSL-CM6A-LR,r9i1p1f1
480,Jan,1890,285.3962043091033,283.5907036982368,K,historical,IPSL-CM6A-LR,r9i1p1f1
481,Feb,1890,285.9838982374344,284.03360791500006,K,historical,IPSL-CM6A-LR,r9i1p1f1
482,Mar,1890,286.54460042435926,284.7675467772079,K,historical,IPSL-CM6A-LR,r9i1p1f1
483,Apr,1890,287.1541597163678,285.7222327956495,K,historical,IPSL-CM6A-LR,r9i1p1f1
484,May,1890,287.5724642189608,286.61085377805045,K,historical,IPSL-CM6A-LR,r9i1p1f1
485,Jun,1890,287.9254284484616,287.2597140400037,K,historical,IPSL-CM6A-LR,r9i1p1f1
486,Jul,1890,288.34293900964695,287.82642233813993,K,historical,IPSL-CM6A-LR,r9i1p1f1
487,Aug,1890,288.4407627238323,287.85181307258233,K,historical,IPSL-CM6A-LR,r9i1p1f1
488,Sep,1890,287.8367467069425,287.0356284188883,K,historical,IPSL-CM6A-LR,r9i1p1f1
489,Oct,1890,287.0247023456101,285.86751941265317,K,historical,IPSL-CM6A-LR,r9i1p1f1
490,Nov,1890,286.42383243879914,284.88826446659397,K,historical,IPSL-CM6A-LR,r9i1p1f1
491,Dec,1890,285.7244175101663,283.9661011049409,K,historical,IPSL-CM6A-LR,r9i1p1f1
492,Jan,1891,285.6023721602362,283.6997203245774,K,historical,IPSL-CM6A-LR,r9i1p1f1
493,Feb,1891,285.9122944105188,284.05007369121097,K,historical,IPSL-CM6A-LR,r9i1p1f1
494,Mar,1891,286.61370402934557,284.905223330843,K,historical,IPSL-CM6A-LR,r9i1p1f1
495,Apr,1891,287.04561430812515,285.62456560991586,K,historical,IPSL-CM6A-LR,r9i1p1f1
496,May,1891,287.52640624370986,286.46283898132157,K,historical,IPSL-CM6A-LR,r9i1p1f1
497,Jun,1891,287.9317044064654,287.27186466222275,K,historical,IPSL-CM6A-LR,r9i1p1f1
498,Jul,1891,288.31502541255577,287.8016606327889,K,historical,IPSL-CM6A-LR,r9i1p1f1
499,Aug,1891,288.2798466906714,287.7106196829458,K,historical,IPSL-CM6A-LR,r9i1p1f1
500,Sep,1891,287.78227396427206,287.01572650279905,K,historical,IPSL-CM6A-LR,r9i1p1f1
501,Oct,1891,287.11424065249935,285.9595307169571,K,historical,IPSL-CM6A-LR,r9i1p1f1
502,Nov,1891,286.22766958527023,284.590044154535,K,historical,IPSL-CM6A-LR,r9i1p1f1
503,Dec,1891,285.4163795238863,283.62656982647314,K,historical,IPSL-CM6A-LR,r9i1p1f1
504,Jan,1892,285.4484975420631,283.5728707641853,K,historical,IPSL-CM6A-LR,r9i1p1f1
505,Feb,1892,285.8579292622014,283.9692018009847,K,historical,IPSL-CM6A-LR,r9i1p1f1
506,Mar,1892,286.37481586802977,284.6119568753967,K,historical,IPSL-CM6A-LR,r9i1p1f1
507,Apr,1892,287.008997675198,285.5848028867145,K,historical,IPSL-CM6A-LR,r9i1p1f1
508,May,1892,287.5183719846641,286.53676017114094,K,historical,IPSL-CM6A-LR,r9i1p1f1
509,Jun,1892,287.9362709663057,287.30882418499596,K,historical,IPSL-CM6A-LR,r9i1p1f1
510,Jul,1892,288.1713640668573,287.65972661543765,K,historical,IPSL-CM6A-LR,r9i1p1f1
511,Aug,1892,288.1292872601937,287.6014688506294,K,historical,IPSL-CM6A-LR,r9i1p1f1
512,Sep,1892,287.7845454013364,287.0330571033697,K,historical,IPSL-CM6A-LR,r9i1p1f1
513,Oct,1892,287.1016351927755,285.92579682685044,K,historical,IPSL-CM6A-LR,r9i1p1f1
514,Nov,1892,286.20207744992695,284.6075623500874,K,historical,IPSL-CM6A-LR,r9i1p1f1
515,Dec,1892,285.53268697160996,283.71172944281665,K,historical,IPSL-CM6A-LR,r9i1p1f1
516,Jan,1893,285.21462433632615,283.403184131837,K,historical,IPSL-CM6A-LR,r9i1p1f1
517,Feb,1893,285.68336624206876,283.7606836920181,K,historical,IPSL-CM6A-LR,r9i1p1f1
518,Mar,1893,286.3894354678352,284.7445753836996,K,historical,IPSL-CM6A-LR,r9i1p1f1
519,Apr,1893,287.08828452667893,285.72714431420854,K,historical,IPSL-CM6A-LR,r9i1p1f1
520,May,1893,287.6602878746142,286.72450544508814,K,historical,IPSL-CM6A-LR,r9i1p1f1
521,Jun,1893,288.0006904058124,287.379113087753,K,historical,IPSL-CM6A-LR,r9i1p1f1
522,Jul,1893,288.52055605281555,288.0277297831518,K,historical,IPSL-CM6A-LR,r9i1p1f1
523,Aug,1893,288.54983312265057,287.9469664528522,K,historical,IPSL-CM6A-LR,r9i1p1f1
524,Sep,1893,288.0999469368211,287.3247670125042,K,historical,IPSL-CM6A-LR,r9i1p1f1
525,Oct,1893,287.2323137372031,286.0254151953528,K,historical,IPSL-CM6A-LR,r9i1p1f1
526,Nov,1893,286.3893828929292,284.8077080396534,K,historical,IPSL-CM6A-LR,r9i1p1f1
527,Dec,1893,285.8924114577691,284.21790908745066,K,historical,IPSL-CM6A-LR,r9i1p1f1
528,Jan,1894,285.66676826627116,283.80929997439347,K,historical,IPSL-CM6A-LR,r9i1p1f1
529,Feb,1894,285.9258309710201,283.9999902994081,K,historical,IPSL-CM6A-LR,r9i1p1f1
530,Mar,1894,286.3189182899562,284.699276700305,K,historical,IPSL-CM6A-LR,r9i1p1f1
531,Apr,1894,286.9215842815468,285.57450079279926,K,historical,IPSL-CM6A-LR,r9i1p1f1
532,May,1894,287.4722623611525,286.50937128428217,K,historical,IPSL-CM6A-LR,r9i1p1f1
533,Jun,1894,287.87410166934643,287.2393850134658,K,historical,IPSL-CM6A-LR,r9i1p1f1
534,Jul,1894,288.2989931890596,287.7828696075549,K,historical,IPSL-CM6A-LR,r9i1p1f1
535,Aug,1894,288.3114594804143,287.7654319403194,K,historical,IPSL-CM6A-LR,r9i1p1f1
536,Sep,1894,287.7994798350133,287.03663111822925,K,historical,IPSL-CM6A-LR,r9i1p1f1
537,Oct,1894,287.15870239345594,285.92639522992795,K,historical,IPSL-CM6A-LR,r9i1p1f1
538,Nov,1894,286.18354858293094,284.69065988285195,K,historical,IPSL-CM6A-LR,r9i1p1f1
539,Dec,1894,285.53545093802006,283.8169823681593,K,historical,IPSL-CM6A-LR,r9i1p1f1
540,Jan,1895,285.63545099995895,283.69816152103346,K,historical,IPSL-CM6A-LR,r9i1p1f1
541,Feb,1895,285.87079662478413,284.0299275016151,K,historical,IPSL-CM6A-LR,r9i1p1f1
542,Mar,1895,286.6168160369183,284.8957681035844,K,historical,IPSL-CM6A-LR,r9i1p1f1
543,Apr,1895,287.1330231229438,285.78910184165886,K,historical,IPSL-CM6A-LR,r9i1p1f1
544,May,1895,287.46695553345603,286.511082314362,K,historical,IPSL-CM6A-LR,r9i1p1f1
545,Jun,1895,288.13751251061456,287.5269182857308,K,historical,IPSL-CM6A-LR,r9i1p1f1
546,Jul,1895,288.3542116208821,287.8999810338437,K,historical,IPSL-CM6A-LR,r9i1p1f1
547,Aug,1895,288.38332959645555,287.8565916659258,K,historical,IPSL-CM6A-LR,r9i1p1f1
548,Sep,1895,287.92280061060507,287.1795907278071,K,historical,IPSL-CM6A-LR,r9i1p1f1
549,Oct,1895,287.0881785299218,286.02003480322566,K,historical,IPSL-CM6A-LR,r9i1p1f1
550,Nov,1895,286.43067517891313,284.9702242464784,K,historical,IPSL-CM6A-LR,r9i1p1f1
551,Dec,1895,285.7116440221067,283.8904849459391,K,historical,IPSL-CM6A-LR,r9i1p1f1
552,Jan,1896,285.7737232026451,283.9869217270756,K,historical,IPSL-CM6A-LR,r9i1p1f1
553,Feb,1896,286.1491542860842,284.21548904726757,K,historical,IPSL-CM6A-LR,r9i1p1f1
554,Mar,1896,286.74959900190106,285.00661362025335,K,historical,IPSL-CM6A-LR,r9i1p1f1
555,Apr,1896,287.35766836811734,285.99484343903407,K,historical,IPSL-CM6A-LR,r9i1p1f1
556,May,1896,287.7827126670386,286.79632740002,K,historical,IPSL-CM6A-LR,r9i1p1f1
557,Jun,1896,288.2611091669442,287.62305272341064,K,historical,IPSL-CM6A-LR,r9i1p1f1
558,Jul,1896,288.6090652268613,288.1074659168374,K,historical,IPSL-CM6A-LR,r9i1p1f1
559,Aug,1896,288.59718495562726,288.04965269368296,K,historical,IPSL-CM6A-LR,r9i1p1f1
560,Sep,1896,287.98495886649334,287.211744765497,K,historical,IPSL-CM6A-LR,r9i1p1f1
561,Oct,1896,287.20832331455114,286.0085137605779,K,historical,IPSL-CM6A-LR,r9i1p1f1
562,Nov,1896,286.6338357981069,285.13702214567826,K,historical,IPSL-CM6A-LR,r9i1p1f1
563,Dec,1896,285.70142790375644,283.8101191390366,K,historical,IPSL-CM6A-LR,r9i1p1f1
564,Jan,1897,285.6353060467831,283.6937148344833,K,historical,IPSL-CM6A-LR,r9i1p1f1
565,Feb,1897,285.817001465239,283.94117497847185,K,historical,IPSL-CM6A-LR,r9i1p1f1
566,Mar,1897,286.66721557732205,284.95955064482644,K,historical,IPSL-CM6A-LR,r9i1p1f1
567,Apr,1897,287.19603945729557,285.75962243296647,K,historical,IPSL-CM6A-LR,r9i1p1f1
568,May,1897,287.62944463489544,286.60992997621446,K,historical,IPSL-CM6A-LR,r9i1p1f1
569,Jun,1897,288.0158793647169,287.3870499843381,K,historical,IPSL-CM6A-LR,r9i1p1f1
570,Jul,1897,288.4019531002229,287.8977967001909,K,historical,IPSL-CM6A-LR,r9i1p1f1
571,Aug,1897,288.39896575555974,287.8244834486049,K,historical,IPSL-CM6A-LR,r9i1p1f1
572,Sep,1897,287.73448450334257,286.95171328944514,K,historical,IPSL-CM6A-LR,r9i1p1f1
573,Oct,1897,287.0922969789919,285.91339900969695,K,historical,IPSL-CM6A-LR,r9i1p1f1
574,Nov,1897,286.25150411613953,284.7785017542291,K,historical,IPSL-CM6A-LR,r9i1p1f1
575,Dec,1897,285.6191528628697,283.88992278415043,K,historical,IPSL-CM6A-LR,r9i1p1f1
576,Jan,1898,285.53854352855114,283.58991669696485,K,historical,IPSL-CM6A-LR,r9i1p1f1
577,Feb,1898,285.8357807404152,283.8856542710084,K,historical,IPSL-CM6A-LR,r9i1p1f1
578,Mar,1898,286.36185930098253,284.65565045739106,K,historical,IPSL-CM6A-LR,r9i1p1f1
579,Apr,1898,286.8777930661089,285.5200517420338,K,historical,IPSL-CM6A-LR,r9i1p1f1
580,May,1898,287.4432932193827,286.5167965547602,K,historical,IPSL-CM6A-LR,r9i1p1f1
581,Jun,1898,287.87826029488957,287.2590574333787,K,historical,IPSL-CM6A-LR,r9i1p1f1
582,Jul,1898,288.2484064815341,287.73851682250665,K,historical,IPSL-CM6A-LR,r9i1p1f1
583,Aug,1898,288.2644613456294,287.6959546837904,K,historical,IPSL-CM6A-LR,r9i1p1f1
584,Sep,1898,287.84569374033526,287.0856196741643,K,historical,IPSL-CM6A-LR,r9i1p1f1
585,Oct,1898,287.1669055556371,286.0008112738039,K,historical,IPSL-CM6A-LR,r9i1p1f1
586,Nov,1898,286.26137482919404,284.78268104275276,K,historical,IPSL-CM6A-LR,r9i1p1f1
587,Dec,1898,285.90103881309386,284.02268698765886,K,historical,IPSL-CM6A-LR,r9i1p1f1
588,Jan,1899,285.8991400340383,284.03303108012,K,historical,IPSL-CM6A-LR,r9i1p1f1
589,Feb,1899,286.11051824309186,284.2948945454174,K,historical,IPSL-CM6A-LR,r9i1p1f1
590,Mar,1899,286.7288451324148,285.04069972398554,K,historical,IPSL-CM6A-LR,r9i1p1f1
591,Apr,1899,287.3554657776865,286.07066537034507,K,historical,IPSL-CM6A-LR,r9i1p1f1
592,May,1899,287.6062443350974,286.6884519270905,K,historical,IPSL-CM6A-LR,r9i1p1f1
593,Jun,1899,288.1119175910032,287.52925225881427,K,historical,IPSL-CM6A-LR,r9i1p1f1
594,Jul,1899,288.47782144153985,288.0019731890935,K,historical,IPSL-CM6A-LR,r9i1p1f1
595,Aug,1899,288.4596803385245,287.94776043999997,K,historical,IPSL-CM6A-LR,r9i1p1f1
596,Sep,1899,288.1571077818351,287.40482786556913,K,historical,IPSL-CM6A-LR,r9i1p1f1
597,Oct,1899,287.3314204321077,286.17919834998116,K,historical,IPSL-CM6A-LR,r9i1p1f1
598,Nov,1899,286.49841166076635,285.0135069132573,K,historical,IPSL-CM6A-LR,r9i1p1f1
599,Dec,1899,286.0162568665774,284.3630923489276,K,historical,IPSL-CM6A-LR,r9i1p1f1
600,Jan,1900,285.74630788485734,283.98551668949176,K,historical,IPSL-CM6A-LR,r9i1p1f1
601,Feb,1900,286.0918990684483,284.3160158270887,K,historical,IPSL-CM6A-LR,r9i1p1f1
602,Mar,1900,286.8591779347309,285.1848505600326,K,historical,IPSL-CM6A-LR,r9i1p1f1
603,Apr,1900,287.46409330849804,286.106079844364,K,historical,IPSL-CM6A-LR,r9i1p1f1
604,May,1900,287.94253373933856,286.98986315890835,K,historical,IPSL-CM6A-LR,r9i1p1f1
605,Jun,1900,288.21143755617743,287.5771094594245,K,historical,IPSL-CM6A-LR,r9i1p1f1
606,Jul,1900,288.5414844549215,288.0625231903742,K,historical,IPSL-CM6A-LR,r9i1p1f1
607,Aug,1900,288.43656125773225,287.88794861429824,K,historical,IPSL-CM6A-LR,r9i1p1f1
608,Sep,1900,288.0588889080438,287.3196190633446,K,historical,IPSL-CM6A-LR,r9i1p1f1
609,Oct,1900,287.3208622637185,286.20311392939703,K,historical,IPSL-CM6A-LR,r9i1p1f1
610,Nov,1900,286.38085398396635,284.81036027510896,K,historical,IPSL-CM6A-LR,r9i1p1f1
611,Dec,1900,285.7061985243979,283.87994442850567,K,historical,IPSL-CM6A-LR,r9i1p1f1
612,Jan,1901,285.7292945249265,283.7843643085793,K,historical,IPSL-CM6A-LR,r9i1p1f1
613,Feb,1901,285.886402209923,284.04338208594515,K,historical,IPSL-CM6A-LR,r9i1p1f1
614,Mar,1901,286.75313731884927,285.0269705406034,K,historical,IPSL-CM6A-LR,r9i1p1f1
615,Apr,1901,287.23187083341156,285.8948555526244,K,historical,IPSL-CM6A-LR,r9i1p1f1
616,May,1901,287.56515651936576,286.59816122855915,K,historical,IPSL-CM6A-LR,r9i1p1f1
617,Jun,1901,287.99146969597854,287.3237262948949,K,historical,IPSL-CM6A-LR,r9i1p1f1
618,Jul,1901,288.4883685291144,287.98831305241765,K,historical,IPSL-CM6A-LR,r9i1p1f1
619,Aug,1901,288.46572624505063,287.9272171772939,K,historical,IPSL-CM6A-LR,r9i1p1f1
620,Sep,1901,288.1042613118104,287.34630583483613,K,historical,IPSL-CM6A-LR,r9i1p1f1
621,Oct,1901,287.6004899860994,286.47223756934517,K,historical,IPSL-CM6A-LR,r9i1p1f1
622,Nov,1901,286.752719351468,285.1489802836972,K,historical,IPSL-CM6A-LR,r9i1p1f1
623,Dec,1901,286.00169450260717,284.2563724336668,K,historical,IPSL-CM6A-LR,r9i1p1f1
624,Jan,1902,285.90433534353787,284.0380597059795,K,historical,IPSL-CM6A-LR,r9i1p1f1
625,Feb,1902,286.1894299536646,284.2689302469081,K,historical,IPSL-CM6A-LR,r9i1p1f1
626,Mar,1902,286.8833415838883,285.26753695923674,K,historical,IPSL-CM6A-LR,r9i1p1f1
627,Apr,1902,287.3982166534002,286.09561132370897,K,historical,IPSL-CM6A-LR,r9i1p1f1
628,May,1902,287.8822942601516,286.9626044332287,K,historical,IPSL-CM6A-LR,r9i1p1f1
629,Jun,1902,288.3506166461888,287.7257821188054,K,historical,IPSL-CM6A-LR,r9i1p1f1
630,Jul,1902,288.6955965271772,288.1966529869571,K,historical,IPSL-CM6A-LR,r9i1p1f1
631,Aug,1902,288.75832029197704,288.2365808964892,K,historical,IPSL-CM6A-LR,r9i1p1f1
632,Sep,1902,288.07831566307965,287.3732608913933,K,historical,IPSL-CM6A-LR,r9i1p1f1
633,Oct,1902,287.15257583885494,286.1037969671042,K,historical,IPSL-CM6A-LR,r9i1p1f1
634,Nov,1902,286.55054523694554,285.12364719324836,K,historical,IPSL-CM6A-LR,r9i1p1f1
635,Dec,1902,285.912062877285,284.228644624202,K,historical,IPSL-CM6A-LR,r9i1p1f1
636,Jan,1903,285.62580856504275,283.8731353099443,K,historical,IPSL-CM6A-LR,r9i1p1f1
637,Feb,1903,285.81966903895807,284.06488315435183,K,historical,IPSL-CM6A-LR,r9i1p1f1
638,Mar,1903,286.3725773342338,284.6492468074707,K,historical,IPSL-CM6A-LR,r9i1p1f1
639,Apr,1903,287.0490674022052,285.702335929018,K,historical,IPSL-CM6A-LR,r9i1p1f1
640,May,1903,287.73476697042287,286.79723895099045,K,historical,IPSL-CM6A-LR,r9i1p1f1
641,Jun,1903,287.8955056785285,287.27364526923475,K,historical,IPSL-CM6A-LR,r9i1p1f1
642,Jul,1903,288.41884056835835,287.9538327325899,K,historical,IPSL-CM6A-LR,r9i1p1f1
643,Aug,1903,288.43009031211193,287.8878407379577,K,historical,IPSL-CM6A-LR,r9i1p1f1
644,Sep,1903,287.8650338546482,287.0995171753455,K,historical,IPSL-CM6A-LR,r9i1p1f1
645,Oct,1903,287.02832048885745,285.9386827855739,K,historical,IPSL-CM6A-LR,r9i1p1f1
646,Nov,1903,286.2668757103078,284.7760101353527,K,historical,IPSL-CM6A-LR,r9i1p1f1
647,Dec,1903,285.68984960247246,283.9573698911507,K,historical,IPSL-CM6A-LR,r9i1p1f1
648,Jan,1904,285.400761001569,283.55816955337565,K,historical,IPSL-CM6A-LR,r9i1p1f1
649,Feb,1904,286.0399906209427,284.07980028644954,K,historical,IPSL-CM6A-LR,r9i1p1f1
650,Mar,1904,286.6100589418507,284.9142029164528,K,historical,IPSL-CM6A-LR,r9i1p1f1
651,Apr,1904,287.15937267177793,285.7496716882609,K,historical,IPSL-CM6A-LR,r9i1p1f1
652,May,1904,287.61472246423574,286.6480997201445,K,historical,IPSL-CM6A-LR,r9i1p1f1
653,Jun,1904,288.08123838049045,287.4466735205981,K,historical,IPSL-CM6A-LR,r9i1p1f1
654,Jul,1904,288.61584207097866,288.11151249641154,K,historical,IPSL-CM6A-LR,r9i1p1f1
655,Aug,1904,288.45960469366344,287.90823580219615,K,historical,IPSL-CM6A-LR,r9i1p1f1
656,Sep,1904,288.08495406512304,287.30414521097856,K,historical,IPSL-CM6A-LR,r9i1p1f1
657,Oct,1904,287.3753471224679,286.18506199890834,K,historical,IPSL-CM6A-LR,r9i1p1f1
658,Nov,1904,286.38181455063307,284.9110329311798,K,historical,IPSL-CM6A-LR,r9i1p1f1
659,Dec,1904,286.1339750748216,284.41584770476817,K,historical,IPSL-CM6A-LR,r9i1p1f1
660,Jan,1905,285.69431255765375,283.9135676916278,K,historical,IPSL-CM6A-LR,r9i1p1f1
661,Feb,1905,286.0363290729838,284.19236830207126,K,historical,IPSL-CM6A-LR,r9i1p1f1
662,Mar,1905,286.7158622198114,284.96283651669967,K,historical,IPSL-CM6A-LR,r9i1p1f1
663,Apr,1905,287.2238235259611,285.87986614439467,K,historical,IPSL-CM6A-LR,r9i1p1f1
664,May,1905,287.6933065623839,286.7279339733872,K,historical,IPSL-CM6A-LR,r9i1p1f1
665,Jun,1905,288.2233378653804,287.6005258495758,K,historical,IPSL-CM6A-LR,r9i1p1f1
666,Jul,1905,288.4320439797342,287.93005158194444,K,historical,IPSL-CM6A-LR,r9i1p1f1
667,Aug,1905,288.5359900770683,287.97935186225465,K,historical,IPSL-CM6A-LR,r9i1p1f1
668,Sep,1905,287.96456268649223,287.1711456840899,K,historical,IPSL-CM6A-LR,r9i1p1f1
669,Oct,1905,287.2432412666671,286.085569214405,K,historical,IPSL-CM6A-LR,r9i1p1f1
670,Nov,1905,286.43836693878154,284.9173550393565,K,historical,IPSL-CM6A-LR,r9i1p1f1
671,Dec,1905,285.67669963192253,284.0220962312851,K,historical,IPSL-CM6A-LR,r9i1p1f1
672,Jan,1906,285.40271371232444,283.6145987213043,K,historical,IPSL-CM6A-LR,r9i1p1f1
673,Feb,1906,285.87142932598914,283.9756622745598,K,historical,IPSL-CM6A-LR,r9i1p1f1
674,Mar,1906,286.5040446348702,284.8187645983864,K,historical,IPSL-CM6A-LR,r9i1p1f1
675,Apr,1906,287.3284340832847,286.01472049554536,K,historical,IPSL-CM6A-LR,r9i1p1f1
676,May,1906,287.72986678969016,286.77893037513013,K,historical,IPSL-CM6A-LR,r9i1p1f1
677,Jun,1906,288.10729889392996,287.49343204748936,K,historical,IPSL-CM6A-LR,r9i1p1f1
678,Jul,1906,288.4336142687764,287.91879615263554,K,historical,IPSL-CM6A-LR,r9i1p1f1
679,Aug,1906,288.4931910800203,287.9307624973201,K,historical,IPSL-CM6A-LR,r9i1p1f1
680,Sep,1906,288.1218610075324,287.35385653894525,K,historical,IPSL-CM6A-LR,r9i1p1f1
681,Oct,1906,287.34511960198574,286.11706516887483,K,historical,IPSL-CM6A-LR,r9i1p1f1
682,Nov,1906,286.2450284587027,284.7955793971507,K,historical,IPSL-CM6A-LR,r9i1p1f1
683,Dec,1906,285.55660814462806,283.7696953786441,K,historical,IPSL-CM6A-LR,r9i1p1f1
684,Jan,1907,285.5642338966042,283.7701077214287,K,historical,IPSL-CM6A-LR,r9i1p1f1
685,Feb,1907,285.50308250069605,283.6117623507721,K,historical,IPSL-CM6A-LR,r9i1p1f1
686,Mar,1907,286.3710854767948,284.73475537594567,K,historical,IPSL-CM6A-LR,r9i1p1f1
687,Apr,1907,286.9295703957118,285.52037799083604,K,historical,IPSL-CM6A-LR,r9i1p1f1
688,May,1907,287.54808950314055,286.54343098080153,K,historical,IPSL-CM6A-LR,r9i1p1f1
689,Jun,1907,288.1486629384106,287.5083600742249,K,historical,IPSL-CM6A-LR,r9i1p1f1
690,Jul,1907,288.2075074126609,287.7190030709832,K,historical,IPSL-CM6A-LR,r9i1p1f1
691,Aug,1907,288.3586222335739,287.826522453786,K,historical,IPSL-CM6A-LR,r9i1p1f1
692,Sep,1907,287.83283660863606,287.0327220528791,K,historical,IPSL-CM6A-LR,r9i1p1f1
693,Oct,1907,286.9413549854263,285.83500783218375,K,historical,IPSL-CM6A-LR,r9i1p1f1
694,Nov,1907,286.2994275240665,284.6987373929108,K,historical,IPSL-CM6A-LR,r9i1p1f1
695,Dec,1907,285.5287692413485,283.78832142389024,K,historical,IPSL-CM6A-LR,r9i1p1f1
696,Jan,1908,285.3396005894792,283.53490789737464,K,historical,IPSL-CM6A-LR,r9i1p1f1
697,Feb,1908,285.77383785685964,283.7902957967133,K,historical,IPSL-CM6A-LR,r9i1p1f1
698,Mar,1908,286.3723636111787,284.58725330931503,K,historical,IPSL-CM6A-LR,r9i1p1f1
699,Apr,1908,286.87432705106846,285.51083618380767,K,historical,IPSL-CM6A-LR,r9i1p1f1
700,May,1908,287.44651916248444,286.4397847186377,K,historical,IPSL-CM6A-LR,r9i1p1f1
701,Jun,1908,288.13026077749174,287.46962966286776,K,historical,IPSL-CM6A-LR,r9i1p1f1
702,Jul,1908,288.407400493976,287.8820307388983,K,historical,IPSL-CM6A-LR,r9i1p1f1
703,Aug,1908,288.4742898184893,287.89992909917333,K,historical,IPSL-CM6A-LR,r9i1p1f1
704,Sep,1908,288.0608621726451,287.2505734397991,K,historical,IPSL-CM6A-LR,r9i1p1f1
705,Oct,1908,287.27194300798766,286.1040618721156,K,historical,IPSL-CM6A-LR,r9i1p1f1
706,Nov,1908,286.4745153483107,284.89692243862277,K,historical,IPSL-CM6A-LR,r9i1p1f1
707,Dec,1908,285.9605639342085,284.2566810165415,K,historical,IPSL-CM6A-LR,r9i1p1f1
708,Jan,1909,285.82956258475406,283.84213037232945,K,historical,IPSL-CM6A-LR,r9i1p1f1
709,Feb,1909,286.1881503431031,284.17416326280664,K,historical,IPSL-CM6A-LR,r9i1p1f1
710,Mar,1909,286.7295598725498,285.0112521246544,K,historical,IPSL-CM6A-LR,r9i1p1f1
711,Apr,1909,287.15105777876175,285.7982998075991,K,historical,IPSL-CM6A-LR,r9i1p1f1
712,May,1909,287.7909803242779,286.84795300707833,K,historical,IPSL-CM6A-LR,r9i1p1f1
713,Jun,1909,288.0889655053918,287.4491572070293,K,historical,IPSL-CM6A-LR,r9i1p1f1
714,Jul,1909,288.6160559912727,288.10428361199195,K,historical,IPSL-CM6A-LR,r9i1p1f1
715,Aug,1909,288.57856865385816,288.0115577514391,K,historical,IPSL-CM6A-LR,r9i1p1f1
716,Sep,1909,287.9789633879541,287.2078964476704,K,historical,IPSL-CM6A-LR,r9i1p1f1
717,Oct,1909,287.0793646962407,285.94394816218426,K,historical,IPSL-CM6A-LR,r9i1p1f1
718,Nov,1909,286.35095470706995,284.848660668026,K,historical,IPSL-CM6A-LR,r9i1p1f1
719,Dec,1909,285.8027357539629,284.0697091610384,K,historical,IPSL-CM6A-LR,r9i1p1f1
720,Jan,1910,285.77597062432716,283.9235452561006,K,historical,IPSL-CM6A-LR,r9i1p1f1
721,Feb,1910,285.81520413723723,283.9169097675701,K,historical,IPSL-CM6A-LR,r9i1p1f1
722,Mar,1910,286.32900212660894,284.64217824977595,K,historical,IPSL-CM6A-LR,r9i1p1f1
723,Apr,1910,286.9184479067318,285.62103245853183,K,historical,IPSL-CM6A-LR,r9i1p1f1
724,May,1910,287.68186294813967,286.7385824692552,K,historical,IPSL-CM6A-LR,r9i1p1f1
725,Jun,1910,288.05958666717225,287.4256323808852,K,historical,IPSL-CM6A-LR,r9i1p1f1
726,Jul,1910,288.2988393056897,287.8211581509326,K,historical,IPSL-CM6A-LR,r9i1p1f1
727,Aug,1910,288.5105047696443,287.96173088133446,K,historical,IPSL-CM6A-LR,r9i1p1f1
728,Sep,1910,287.9775790167809,287.2379919633445,K,historical,IPSL-CM6A-LR,r9i1p1f1
729,Oct,1910,287.2178338229978,286.0595854823806,K,historical,IPSL-CM6A-LR,r9i1p1f1
730,Nov,1910,286.3731290862339,284.8499969109822,K,historical,IPSL-CM6A-LR,r9i1p1f1
731,Dec,1910,285.6795546460332,283.9985247531551,K,historical,IPSL-CM6A-LR,r9i1p1f1
732,Jan,1911,285.6408944413919,283.8063725613666,K,historical,IPSL-CM6A-LR,r9i1p1f1
733,Feb,1911,285.8904581163173,284.0726955707798,K,historical,IPSL-CM6A-LR,r9i1p1f1
734,Mar,1911,286.50502951282465,284.8164962437057,K,historical,IPSL-CM6A-LR,r9i1p1f1
735,Apr,1911,287.2660191086688,285.89519980926934,K,historical,IPSL-CM6A-LR,r9i1p1f1
736,May,1911,287.9647259510756,286.97117259067,K,historical,IPSL-CM6A-LR,r9i1p1f1
737,Jun,1911,288.271750690217,287.64828527782583,K,historical,IPSL-CM6A-LR,r9i1p1f1
738,Jul,1911,288.55946562522627,288.044998588706,K,historical,IPSL-CM6A-LR,r9i1p1f1
739,Aug,1911,288.6502272371844,288.09089612297265,K,historical,IPSL-CM6A-LR,r9i1p1f1
740,Sep,1911,288.189106898603,287.41989745171725,K,historical,IPSL-CM6A-LR,r9i1p1f1
741,Oct,1911,287.3924988454538,286.22183301746657,K,historical,IPSL-CM6A-LR,r9i1p1f1
742,Nov,1911,286.7704183937116,285.1886211482928,K,historical,IPSL-CM6A-LR,r9i1p1f1
743,Dec,1911,286.3092072073781,284.53608634835985,K,historical,IPSL-CM6A-LR,r9i1p1f1
744,Jan,1912,285.95233063260633,284.02227155687893,K,historical,IPSL-CM6A-LR,r9i1p1f1
745,Feb,1912,286.2974549651066,284.4092900068428,K,historical,IPSL-CM6A-LR,r9i1p1f1
746,Mar,1912,286.862058848807,285.03881992710143,K,historical,IPSL-CM6A-LR,r9i1p1f1
747,Apr,1912,287.4915364979757,286.06084716420753,K,historical,IPSL-CM6A-LR,r9i1p1f1
748,May,1912,287.83137606685096,286.8673571994633,K,historical,IPSL-CM6A-LR,r9i1p1f1
749,Jun,1912,288.32208313406454,287.6769244544929,K,historical,IPSL-CM6A-LR,r9i1p1f1
750,Jul,1912,288.5786689311503,288.0590576597554,K,historical,IPSL-CM6A-LR,r9i1p1f1
751,Aug,1912,288.40466682854395,287.8374742635993,K,historical,IPSL-CM6A-LR,r9i1p1f1
752,Sep,1912,287.88631527635357,287.0348168205874,K,historical,IPSL-CM6A-LR,r9i1p1f1
753,Oct,1912,287.0707357560446,285.86732641260113,K,historical,IPSL-CM6A-LR,r9i1p1f1
754,Nov,1912,286.16832743720926,284.5705907333063,K,historical,IPSL-CM6A-LR,r9i1p1f1
755,Dec,1912,285.4211985739181,283.74847645424154,K,historical,IPSL-CM6A-LR,r9i1p1f1
756,Jan,1913,285.33670463640846,283.52503767614456,K,historical,IPSL-CM6A-LR,r9i1p1f1
757,Feb,1913,285.86193289963285,283.8958077816421,K,historical,IPSL-CM6A-LR,r9i1p1f1
758,Mar,1913,286.41053610188004,284.75790538057015,K,historical,IPSL-CM6A-LR,r9i1p1f1
759,Apr,1913,287.1552034714971,285.7357164081042,K,historical,IPSL-CM6A-LR,r9i1p1f1
760,May,1913,287.64723412388196,286.6553083098388,K,historical,IPSL-CM6A-LR,r9i1p1f1
761,Jun,1913,288.0895962848628,287.40756903559145,K,historical,IPSL-CM6A-LR,r9i1p1f1
762,Jul,1913,288.3226156527256,287.818865170666,K,historical,IPSL-CM6A-LR,r9i1p1f1
763,Aug,1913,288.32367644239196,287.78996725213904,K,historical,IPSL-CM6A-LR,r9i1p1f1
764,Sep,1913,287.7588062036074,286.9644361582814,K,historical,IPSL-CM6A-LR,r9i1p1f1
765,Oct,1913,287.00474454333124,285.79160304757727,K,historical,IPSL-CM6A-LR,r9i1p1f1
766,Nov,1913,286.2643201523775,284.75414264993344,K,historical,IPSL-CM6A-LR,r9i1p1f1
767,Dec,1913,285.68638950150824,283.91667709761373,K,historical,IPSL-CM6A-LR,r9i1p1f1
768,Jan,1914,285.8962719028808,283.94450757915536,K,historical,IPSL-CM6A-LR,r9i1p1f1
769,Feb,1914,286.08840746802605,284.1096120235521,K,historical,IPSL-CM6A-LR,r9i1p1f1
770,Mar,1914,286.5534267147266,284.8675731788441,K,historical,IPSL-CM6A-LR,r9i1p1f1
771,Apr,1914,287.00806750142317,285.6791437179425,K,historical,IPSL-CM6A-LR,r9i1p1f1
772,May,1914,287.5456728578802,286.60036418910164,K,historical,IPSL-CM6A-LR,r9i1p1f1
773,Jun,1914,287.9862189526797,287.3986107819269,K,historical,IPSL-CM6A-LR,r9i1p1f1
774,Jul,1914,288.4580147358942,287.96480073319015,K,historical,IPSL-CM6A-LR,r9i1p1f1
775,Aug,1914,288.4326944044608,287.8915056929662,K,historical,IPSL-CM6A-LR,r9i1p1f1
776,Sep,1914,287.8697684861794,287.13122681049964,K,historical,IPSL-CM6A-LR,r9i1p1f1
777,Oct,1914,286.9942085728042,285.8972648796452,K,historical,IPSL-CM6A-LR,r9i1p1f1
778,Nov,1914,286.21416756921735,284.73327798704486,K,historical,IPSL-CM6A-LR,r9i1p1f1
779,Dec,1914,285.7752165788063,283.95392563675057,K,historical,IPSL-CM6A-LR,r9i1p1f1
780,Jan,1915,285.46700843359235,283.61589675616256,K,historical,IPSL-CM6A-LR,r9i1p1f1
781,Feb,1915,285.96085741013286,284.0512052017215,K,historical,IPSL-CM6A-LR,r9i1p1f1
782,Mar,1915,286.54248339987333,284.7849613166939,K,historical,IPSL-CM6A-LR,r9i1p1f1
783,Apr,1915,287.1207348518145,285.6926922136705,K,historical,IPSL-CM6A-LR,r9i1p1f1
784,May,1915,287.57725008498204,286.6142200912899,K,historical,IPSL-CM6A-LR,r9i1p1f1
785,Jun,1915,288.0250367553647,287.35545059461595,K,historical,IPSL-CM6A-LR,r9i1p1f1
786,Jul,1915,288.37204867532853,287.8716397339504,K,historical,IPSL-CM6A-LR,r9i1p1f1
787,Aug,1915,288.3135695456406,287.77512780350514,K,historical,IPSL-CM6A-LR,r9i1p1f1
788,Sep,1915,287.8272753419214,287.051797201374,K,historical,IPSL-CM6A-LR,r9i1p1f1
789,Oct,1915,287.0620953470299,285.9603294406326,K,historical,IPSL-CM6A-LR,r9i1p1f1
790,Nov,1915,286.3333699534615,284.739402480945,K,historical,IPSL-CM6A-LR,r9i1p1f1
791,Dec,1915,285.5495455961533,283.8510028540394,K,historical,IPSL-CM6A-LR,r9i1p1f1
792,Jan,1916,285.43454149421973,283.645158116237,K,historical,IPSL-CM6A-LR,r9i1p1f1
793,Feb,1916,285.65450208695944,283.8343045967669,K,historical,IPSL-CM6A-LR,r9i1p1f1
794,Mar,1916,286.40412508579374,284.69784166554405,K,historical,IPSL-CM6A-LR,r9i1p1f1
795,Apr,1916,287.22122830078564,285.8325639271998,K,historical,IPSL-CM6A-LR,r9i1p1f1
796,May,1916,287.8213330699103,286.88304948244513,K,historical,IPSL-CM6A-LR,r9i1p1f1
797,Jun,1916,288.2517022357524,287.6078549757843,K,historical,IPSL-CM6A-LR,r9i1p1f1
798,Jul,1916,288.6351811709279,288.1178618015503,K,historical,IPSL-CM6A-LR,r9i1p1f1
799,Aug,1916,288.6344810222807,288.0818296901107,K,historical,IPSL-CM6A-LR,r9i1p1f1
800,Sep,1916,288.10847560352164,287.33543458078185,K,historical,IPSL-CM6A-LR,r9i1p1f1
801,Oct,1916,287.32129021569006,286.167765171902,K,historical,IPSL-CM6A-LR,r9i1p1f1
802,Nov,1916,286.554266723895,285.0005410321517,K,historical,IPSL-CM6A-LR,r9i1p1f1
803,Dec,1916,285.913738005421,284.21099227165547,K,historical,IPSL-CM6A-LR,r9i1p1f1
804,Jan,1917,285.8417871047692,283.9946341308009,K,historical,IPSL-CM6A-LR,r9i1p1f1
805,Feb,1917,286.18868449908643,284.3232503260825,K,historical,IPSL-CM6A-LR,r9i1p1f1
806,Mar,1917,286.87998154562786,285.29638164462517,K,historical,IPSL-CM6A-LR,r9i1p1f1
807,Apr,1917,287.4991470061125,286.15089942197875,K,historical,IPSL-CM6A-LR,r9i1p1f1
808,May,1917,287.7672519923756,286.8277160285854,K,historical,IPSL-CM6A-LR,r9i1p1f1
809,Jun,1917,288.3855864626863,287.7753170373125,K,historical,IPSL-CM6A-LR,r9i1p1f1
810,Jul,1917,288.5939519224001,288.06878153817576,K,historical,IPSL-CM6A-LR,r9i1p1f1
811,Aug,1917,288.5453204575496,288.0074999536226,K,historical,IPSL-CM6A-LR,r9i1p1f1
812,Sep,1917,288.2783460146199,287.5103336767782,K,historical,IPSL-CM6A-LR,r9i1p1f1
813,Oct,1917,287.36288416926703,286.3056721875875,K,historical,IPSL-CM6A-LR,r9i1p1f1
814,Nov,1917,286.57171365286655,285.0906702505574,K,historical,IPSL-CM6A-LR,r9i1p1f1
815,Dec,1917,286.0714998170959,284.32453250872675,K,historical,IPSL-CM6A-LR,r9i1p1f1
816,Jan,1918,286.0954781866444,284.20400582601104,K,historical,IPSL-CM6A-LR,r9i1p1f1
817,Feb,1918,286.4123938930786,284.5280778909372,K,historical,IPSL-CM6A-LR,r9i1p1f1
818,Mar,1918,286.9532989267769,285.2472242522332,K,historical,IPSL-CM6A-LR,r9i1p1f1
819,Apr,1918,287.4687168166919,286.12785515464725,K,historical,IPSL-CM6A-LR,r9i1p1f1
820,May,1918,287.9175762321446,286.96276045762795,K,historical,IPSL-CM6A-LR,r9i1p1f1
821,Jun,1918,288.44282925690806,287.77726497284215,K,historical,IPSL-CM6A-LR,r9i1p1f1
822,Jul,1918,288.8266152187692,288.31929364542253,K,historical,IPSL-CM6A-LR,r9i1p1f1
823,Aug,1918,288.57980665618805,288.0449237455287,K,historical,IPSL-CM6A-LR,r9i1p1f1
824,Sep,1918,288.09265136733933,287.38265258687306,K,historical,IPSL-CM6A-LR,r9i1p1f1
825,Oct,1918,287.4786981543365,286.34543793953446,K,historical,IPSL-CM6A-LR,r9i1p1f1
826,Nov,1918,286.67584625060186,285.2347434424346,K,historical,IPSL-CM6A-LR,r9i1p1f1
827,Dec,1918,286.0505559620184,284.4136009044618,K,historical,IPSL-CM6A-LR,r9i1p1f1
828,Jan,1919,286.0857341437037,284.1991661060017,K,historical,IPSL-CM6A-LR,r9i1p1f1
829,Feb,1919,286.3806028204046,284.5045013819154,K,historical,IPSL-CM6A-LR,r9i1p1f1
830,Mar,1919,286.903119128347,285.1720309442259,K,historical,IPSL-CM6A-LR,r9i1p1f1
831,Apr,1919,287.3676565684551,286.0109263569919,K,historical,IPSL-CM6A-LR,r9i1p1f1
832,May,1919,287.8891873028496,286.8701077217483,K,historical,IPSL-CM6A-LR,r9i1p1f1
833,Jun,1919,288.3349668479248,287.6490290823372,K,historical,IPSL-CM6A-LR,r9i1p1f1
834,Jul,1919,288.4940203956333,287.98969976927606,K,historical,IPSL-CM6A-LR,r9i1p1f1
835,Aug,1919,288.5024141008674,287.93888829754997,K,historical,IPSL-CM6A-LR,r9i1p1f1
836,Sep,1919,287.9424902694417,287.1436991881007,K,historical,IPSL-CM6A-LR,r9i1p1f1
837,Oct,1919,287.275225589872,286.09333949333956,K,historical,IPSL-CM6A-LR,r9i1p1f1
838,Nov,1919,286.53823016436843,284.9688415595372,K,historical,IPSL-CM6A-LR,r9i1p1f1
839,Dec,1919,285.840570505324,284.1278447283753,K,historical,IPSL-CM6A-LR,r9i1p1f1
840,Jan,1920,285.71232445911744,283.8357683211092,K,historical,IPSL-CM6A-LR,r9i1p1f1
841,Feb,1920,286.2730807496086,284.3911328784661,K,historical,IPSL-CM6A-LR,r9i1p1f1
842,Mar,1920,286.6774330063422,284.9459791169325,K,historical,IPSL-CM6A-LR,r9i1p1f1
843,Apr,1920,287.2127445418265,285.7914772993398,K,historical,IPSL-CM6A-LR,r9i1p1f1
844,May,1920,287.61114507368825,286.6310430552345,K,historical,IPSL-CM6A-LR,r9i1p1f1
845,Jun,1920,288.13568795024844,287.4952583897703,K,historical,IPSL-CM6A-LR,r9i1p1f1
846,Jul,1920,288.3884910871086,287.90647655971753,K,historical,IPSL-CM6A-LR,r9i1p1f1
847,Aug,1920,288.5825027123487,288.01521897636775,K,historical,IPSL-CM6A-LR,r9i1p1f1
848,Sep,1920,287.89118723334263,287.12914938519174,K,historical,IPSL-CM6A-LR,r9i1p1f1
849,Oct,1920,287.1051187476273,286.0079220888024,K,historical,IPSL-CM6A-LR,r9i1p1f1
850,Nov,1920,286.23576610785926,284.7262767163176,K,historical,IPSL-CM6A-LR,r9i1p1f1
851,Dec,1920,285.78805521363154,284.09094978684686,K,historical,IPSL-CM6A-LR,r9i1p1f1
852,Jan,1921,285.71395550738754,283.85656470597564,K,historical,IPSL-CM6A-LR,r9i1p1f1
853,Feb,1921,285.9588150776136,284.26710223829144,K,historical,IPSL-CM6A-LR,r9i1p1f1
854,Mar,1921,286.5818170015474,284.877135545532,K,historical,IPSL-CM6A-LR,r9i1p1f1
855,Apr,1921,287.2997508798775,285.9664336726419,K,historical,IPSL-CM6A-LR,r9i1p1f1
856,May,1921,287.72235562674416,286.7772108370056,K,historical,IPSL-CM6A-LR,r9i1p1f1
857,Jun,1921,288.2844847776645,287.660085060621,K,historical,IPSL-CM6A-LR,r9i1p1f1
858,Jul,1921,288.63821240135786,288.1613872201484,K,historical,IPSL-CM6A-LR,r9i1p1f1
859,Aug,1921,288.80898477502956,288.2463415029403,K,historical,IPSL-CM6A-LR,r9i1p1f1
860,Sep,1921,288.29675210911336,287.5263975879992,K,historical,IPSL-CM6A-LR,r9i1p1f1
861,Oct,1921,287.664217064824,286.52485919763444,K,historical,IPSL-CM6A-LR,r9i1p1f1
862,Nov,1921,286.77886394752767,285.25793016373945,K,historical,IPSL-CM6A-LR,r9i1p1f1
863,Dec,1921,286.044510282034,284.4110507430334,K,historical,IPSL-CM6A-LR,r9i1p1f1
864,Jan,1922,285.5654023959784,283.91224081177904,K,historical,IPSL-CM6A-LR,r9i1p1f1
865,Feb,1922,286.0058525167346,284.13614180638075,K,historical,IPSL-CM6A-LR,r9i1p1f1
866,Mar,1922,286.73949948065786,285.01888556853885,K,historical,IPSL-CM6A-LR,r9i1p1f1
867,Apr,1922,287.3735439607536,286.008256265038,K,historical,IPSL-CM6A-LR,r9i1p1f1
868,May,1922,287.7781446541206,286.8258242218562,K,historical,IPSL-CM6A-LR,r9i1p1f1
869,Jun,1922,288.312237124016,287.6731290933365,K,historical,IPSL-CM6A-LR,r9i1p1f1
870,Jul,1922,288.47108306528804,287.99184700610687,K,historical,IPSL-CM6A-LR,r9i1p1f1
871,Aug,1922,288.50504621755937,287.9742302914864,K,historical,IPSL-CM6A-LR,r9i1p1f1
872,Sep,1922,287.9617981046526,287.2209112044083,K,historical,IPSL-CM6A-LR,r9i1p1f1
873,Oct,1922,287.0881797893429,285.9893112224353,K,historical,IPSL-CM6A-LR,r9i1p1f1
874,Nov,1922,286.17561660130247,284.7061343367467,K,historical,IPSL-CM6A-LR,r9i1p1f1
875,Dec,1922,285.7564985276221,284.09573580323945,K,historical,IPSL-CM6A-LR,r9i1p1f1
876,Jan,1923,285.38672983728173,283.60668413285794,K,historical,IPSL-CM6A-LR,r9i1p1f1
877,Feb,1923,286.02302085781304,284.1827377685894,K,historical,IPSL-CM6A-LR,r9i1p1f1
878,Mar,1923,286.7342875213009,285.0706715099364,K,historical,IPSL-CM6A-LR,r9i1p1f1
879,Apr,1923,287.26808368417414,285.84191199477675,K,historical,IPSL-CM6A-LR,r9i1p1f1
880,May,1923,287.6769079606102,286.691959392188,K,historical,IPSL-CM6A-LR,r9i1p1f1
881,Jun,1923,288.161172899938,287.5130872888638,K,historical,IPSL-CM6A-LR,r9i1p1f1
882,Jul,1923,288.6019229042328,288.11800398494614,K,historical,IPSL-CM6A-LR,r9i1p1f1
883,Aug,1923,288.58350673339817,288.02704284582717,K,historical,IPSL-CM6A-LR,r9i1p1f1
884,Sep,1923,288.0498904519628,287.2890887418416,K,historical,IPSL-CM6A-LR,r9i1p1f1
885,Oct,1923,287.2163287918401,286.02611372753046,K,historical,IPSL-CM6A-LR,r9i1p1f1
886,Nov,1923,286.3921099892284,284.8623629469517,K,historical,IPSL-CM6A-LR,r9i1p1f1
887,Dec,1923,285.66793186536086,283.92770350451656,K,historical,IPSL-CM6A-LR,r9i1p1f1
888,Jan,1924,285.8150620819977,283.86490546739,K,historical,IPSL-CM6A-LR,r9i1p1f1
889,Feb,1924,286.0026956524423,284.11213616174393,K,historical,IPSL-CM6A-LR,r9i1p1f1
890,Mar,1924,286.6252897112468,284.8203221079576,K,historical,IPSL-CM6A-LR,r9i1p1f1
891,Apr,1924,287.0677686978091,285.77277349953164,K,historical,IPSL-CM6A-LR,r9i1p1f1
892,May,1924,287.62961199141716,286.6629320412486,K,historical,IPSL-CM6A-LR,r9i1p1f1
893,Jun,1924,288.08765030483886,287.46146566313735,K,historical,IPSL-CM6A-LR,r9i1p1f1
894,Jul,1924,288.4121954356138,287.92337525911944,K,historical,IPSL-CM6A-LR,r9i1p1f1
895,Aug,1924,288.66958352334,288.08170953780325,K,historical,IPSL-CM6A-LR,r9i1p1f1
896,Sep,1924,288.0787378514938,287.3088084857216,K,historical,IPSL-CM6A-LR,r9i1p1f1
897,Oct,1924,287.2189012778954,285.99570846474086,K,historical,IPSL-CM6A-LR,r9i1p1f1
898,Nov,1924,286.3701128532755,284.82578433247,K,historical,IPSL-CM6A-LR,r9i1p1f1
899,Dec,1924,285.7549380679948,284.0447816063725,K,historical,IPSL-CM6A-LR,r9i1p1f1
900,Jan,1925,285.9982968175872,284.15081667655625,K,historical,IPSL-CM6A-LR,r9i1p1f1
901,Feb,1925,286.2633343227774,284.4785177483442,K,historical,IPSL-CM6A-LR,r9i1p1f1
902,Mar,1925,286.61869968738637,284.9060966787121,K,historical,IPSL-CM6A-LR,r9i1p1f1
903,Apr,1925,287.4646467555356,286.179455472664,K,historical,IPSL-CM6A-LR,r9i1p1f1
904,May,1925,287.8690730824036,286.9398995862642,K,historical,IPSL-CM6A-LR,r9i1p1f1
905,Jun,1925,288.31778301426243,287.69728634796456,K,historical,IPSL-CM6A-LR,r9i1p1f1
906,Jul,1925,288.7622960173099,288.2898307975677,K,historical,IPSL-CM6A-LR,r9i1p1f1
907,Aug,1925,288.7019110483436,288.1532964529228,K,historical,IPSL-CM6A-LR,r9i1p1f1
908,Sep,1925,288.1887988184797,287.4196385721505,K,historical,IPSL-CM6A-LR,r9i1p1f1
909,Oct,1925,287.45022339259276,286.32723412931733,K,historical,IPSL-CM6A-LR,r9i1p1f1
910,Nov,1925,286.77431649818465,285.25750331116876,K,historical,IPSL-CM6A-LR,r9i1p1f1
911,Dec,1925,286.3977769890365,284.68366713458187,K,historical,IPSL-CM6A-LR,r9i1p1f1
912,Jan,1926,286.1204568845267,284.2938618672526,K,historical,IPSL-CM6A-LR,r9i1p1f1
913,Feb,1926,286.2263642294457,284.59394298675664,K,historical,IPSL-CM6A-LR,r9i1p1f1
914,Mar,1926,286.77731242480223,285.05872089683055,K,historical,IPSL-CM6A-LR,r9i1p1f1
915,Apr,1926,287.54749744552964,286.1778585446245,K,historical,IPSL-CM6A-LR,r9i1p1f1
916,May,1926,288.067117871299,287.1137239989083,K,historical,IPSL-CM6A-LR,r9i1p1f1
917,Jun,1926,288.45795370606317,287.82606874222813,K,historical,IPSL-CM6A-LR,r9i1p1f1
918,Jul,1926,288.75036398644573,288.2317990715651,K,historical,IPSL-CM6A-LR,r9i1p1f1
919,Aug,1926,288.7646181003937,288.2090388909075,K,historical,IPSL-CM6A-LR,r9i1p1f1
920,Sep,1926,288.34818020471596,287.6102318524754,K,historical,IPSL-CM6A-LR,r9i1p1f1
921,Oct,1926,287.43137973325673,286.4167368949497,K,historical,IPSL-CM6A-LR,r9i1p1f1
922,Nov,1926,286.7234053894704,285.2073315194676,K,historical,IPSL-CM6A-LR,r9i1p1f1
923,Dec,1926,286.08961651932765,284.37415852235955,K,historical,IPSL-CM6A-LR,r9i1p1f1
924,Jan,1927,285.7470846748852,283.87252627330554,K,historical,IPSL-CM6A-LR,r9i1p1f1
925,Feb,1927,286.0410537097857,284.20711309830546,K,historical,IPSL-CM6A-LR,r9i1p1f1
926,Mar,1927,286.7739386893152,285.0572510819488,K,historical,IPSL-CM6A-LR,r9i1p1f1
927,Apr,1927,287.16512101911104,285.8819587980698,K,historical,IPSL-CM6A-LR,r9i1p1f1
928,May,1927,287.6433664505655,286.7260739484224,K,historical,IPSL-CM6A-LR,r9i1p1f1
929,Jun,1927,288.28390235265084,287.6452176182947,K,historical,IPSL-CM6A-LR,r9i1p1f1
930,Jul,1927,288.649515355267,288.1650360795147,K,historical,IPSL-CM6A-LR,r9i1p1f1
931,Aug,1927,288.7692051679083,288.20899522123165,K,historical,IPSL-CM6A-LR,r9i1p1f1
932,Sep,1927,288.2556303063494,287.47634468481266,K,historical,IPSL-CM6A-LR,r9i1p1f1
933,Oct,1927,287.48588790224017,286.3482862332215,K,historical,IPSL-CM6A-LR,r9i1p1f1
934,Nov,1927,286.75422806965213,285.17970458875214,K,historical,IPSL-CM6A-LR,r9i1p1f1
935,Dec,1927,286.14181600231194,284.36365521851036,K,historical,IPSL-CM6A-LR,r9i1p1f1
936,Jan,1928,285.95715072333337,284.1279568596049,K,historical,IPSL-CM6A-LR,r9i1p1f1
937,Feb,1928,286.3268977590234,284.39267873705546,K,historical,IPSL-CM6A-LR,r9i1p1f1
938,Mar,1928,286.8742355437665,285.14023194777815,K,historical,IPSL-CM6A-LR,r9i1p1f1
939,Apr,1928,287.56662390922173,286.22665942386413,K,historical,IPSL-CM6A-LR,r9i1p1f1
940,May,1928,287.8424649815344,286.87399972512594,K,historical,IPSL-CM6A-LR,r9i1p1f1
941,Jun,1928,288.49777796546385,287.84448003654023,K,historical,IPSL-CM6A-LR,r9i1p1f1
942,Jul,1928,288.60789330983005,288.11521934743115,K,historical,IPSL-CM6A-LR,r9i1p1f1
943,Aug,1928,288.64569398208005,288.08297346200976,K,historical,IPSL-CM6A-LR,r9i1p1f1
944,Sep,1928,288.10990573023423,287.34956820652644,K,historical,IPSL-CM6A-LR,r9i1p1f1
945,Oct,1928,287.46558370482023,286.2958761766485,K,historical,IPSL-CM6A-LR,r9i1p1f1
946,Nov,1928,286.63903385711063,285.09507376276326,K,historical,IPSL-CM6A-LR,r9i1p1f1
947,Dec,1928,286.0064025684962,284.2683806934598,K,historical,IPSL-CM6A-LR,r9i1p1f1
948,Jan,1929,285.7717465138795,283.9395082399298,K,historical,IPSL-CM6A-LR,r9i1p1f1
949,Feb,1929,286.1562491988004,284.2834331709221,K,historical,IPSL-CM6A-LR,r9i1p1f1
950,Mar,1929,286.69470928663924,284.97574170760686,K,historical,IPSL-CM6A-LR,r9i1p1f1
951,Apr,1929,287.3117398806668,285.99022577254306,K,historical,IPSL-CM6A-LR,r9i1p1f1
952,May,1929,287.85577816299394,286.90456919256735,K,historical,IPSL-CM6A-LR,r9i1p1f1
953,Jun,1929,288.22866895770346,287.6363248908168,K,historical,IPSL-CM6A-LR,r9i1p1f1
954,Jul,1929,288.57510895835395,288.09271141931254,K,historical,IPSL-CM6A-LR,r9i1p1f1
955,Aug,1929,288.5779871686987,288.01228807738045,K,historical,IPSL-CM6A-LR,r9i1p1f1
956,Sep,1929,287.9486491889191,287.2046346327502,K,historical,IPSL-CM6A-LR,r9i1p1f1
957,Oct,1929,287.3344988243393,286.14534322913016,K,historical,IPSL-CM6A-LR,r9i1p1f1
958,Nov,1929,286.4971309409571,284.9443214151772,K,historical,IPSL-CM6A-LR,r9i1p1f1
959,Dec,1929,285.86581576295566,284.20276477845016,K,historical,IPSL-CM6A-LR,r9i1p1f1
960,Jan,1930,285.8279439626384,284.0050303274834,K,historical,IPSL-CM6A-LR,r9i1p1f1
961,Feb,1930,286.21617636494256,284.34419555863025,K,historical,IPSL-CM6A-LR,r9i1p1f1
962,Mar,1930,286.6421495747664,284.97851667094164,K,historical,IPSL-CM6A-LR,r9i1p1f1
963,Apr,1930,287.34659448064724,286.01731883346434,K,historical,IPSL-CM6A-LR,r9i1p1f1
964,May,1930,287.9157613954632,286.96032695928744,K,historical,IPSL-CM6A-LR,r9i1p1f1
965,Jun,1930,288.2425670799128,287.59848110749635,K,historical,IPSL-CM6A-LR,r9i1p1f1
966,Jul,1930,288.7440716340911,288.232296676099,K,historical,IPSL-CM6A-LR,r9i1p1f1
967,Aug,1930,288.88355589377176,288.3130800358767,K,historical,IPSL-CM6A-LR,r9i1p1f1
968,Sep,1930,288.34084862395866,287.5432737664477,K,historical,IPSL-CM6A-LR,r9i1p1f1
969,Oct,1930,287.64680267486915,286.4843920261497,K,historical,IPSL-CM6A-LR,r9i1p1f1
970,Nov,1930,286.69762959998945,285.1779517625363,K,historical,IPSL-CM6A-LR,r9i1p1f1
971,Dec,1930,286.12992037579085,284.3911708842431,K,historical,IPSL-CM6A-LR,r9i1p1f1
972,Jan,1931,286.01107725595784,284.21812862315585,K,historical,IPSL-CM6A-LR,r9i1p1f1
973,Feb,1931,286.5372648517844,284.5519711245042,K,historical,IPSL-CM6A-LR,r9i1p1f1
974,Mar,1931,287.0659688020552,285.30243618994893,K,historical,IPSL-CM6A-LR,r9i1p1f1
975,Apr,1931,287.78171752213797,286.47075353471587,K,historical,IPSL-CM6A-LR,r9i1p1f1
976,May,1931,288.2549977371444,287.2718347047331,K,historical,IPSL-CM6A-LR,r9i1p1f1
977,Jun,1931,288.63807211650965,287.99163471691446,K,historical,IPSL-CM6A-LR,r9i1p1f1
978,Jul,1931,288.8524464105721,288.3340452552581,K,historical,IPSL-CM6A-LR,r9i1p1f1
979,Aug,1931,288.78787849669317,288.24919591191014,K,historical,IPSL-CM6A-LR,r9i1p1f1
980,Sep,1931,288.30515312094485,287.5061972606262,K,historical,IPSL-CM6A-LR,r9i1p1f1
981,Oct,1931,287.4165588826226,286.2181078396343,K,historical,IPSL-CM6A-LR,r9i1p1f1
982,Nov,1931,286.7785019918175,285.28318450565513,K,historical,IPSL-CM6A-LR,r9i1p1f1
983,Dec,1931,285.8629260618821,284.1706083280469,K,historical,IPSL-CM6A-LR,r9i1p1f1
984,Jan,1932,285.94779432150864,284.0062646959496,K,historical,IPSL-CM6A-LR,r9i1p1f1
985,Feb,1932,286.22735556644585,284.42162267716117,K,historical,IPSL-CM6A-LR,r9i1p1f1
986,Mar,1932,286.7891979225581,285.09284456573846,K,historical,IPSL-CM6A-LR,r9i1p1f1
987,Apr,1932,287.40784225011123,286.03179488237384,K,historical,IPSL-CM6A-LR,r9i1p1f1
988,May,1932,288.0080157123151,287.03420298176303,K,historical,IPSL-CM6A-LR,r9i1p1f1
989,Jun,1932,288.4224781411719,287.78716618864973,K,historical,IPSL-CM6A-LR,r9i1p1f1
990,Jul,1932,288.667651205751,288.18931099718395,K,historical,IPSL-CM6A-LR,r9i1p1f1
991,Aug,1932,288.75329923400335,288.2093639665026,K,historical,IPSL-CM6A-LR,r9i1p1f1
992,Sep,1932,288.3082671267945,287.5544528180698,K,historical,IPSL-CM6A-LR,r9i1p1f1
993,Oct,1932,287.45309610393144,286.3073213002926,K,historical,IPSL-CM6A-LR,r9i1p1f1
994,Nov,1932,286.6419775216687,285.1340272455164,K,historical,IPSL-CM6A-LR,r9i1p1f1
995,Dec,1932,285.9643352604184,284.25308917163693,K,historical,IPSL-CM6A-LR,r9i1p1f1
996,Jan,1933,285.95803773605365,284.00660723059065,K,historical,IPSL-CM6A-LR,r9i1p1f1
997,Feb,1933,286.30368675757194,284.43922681408395,K,historical,IPSL-CM6A-LR,r9i1p1f1
998,Mar,1933,286.7856530237319,285.13205515208335,K,historical,IPSL-CM6A-LR,r9i1p1f1
999,Apr,1933,287.46833513970785,286.13267795202074,K,historical,IPSL-CM6A-LR,r9i1p1f1
1000,May,1933,287.91361441407383,286.9540594812838,K,historical,IPSL-CM6A-LR,r9i1p1f1
1001,Jun,1933,288.3709380658229,287.7561731855671,K,historical,IPSL-CM6A-LR,r9i1p1f1
1002,Jul,1933,288.69885620206384,288.1993328414667,K,historical,IPSL-CM6A-LR,r9i1p1f1
1003,Aug,1933,288.6826277021228,288.10515307362715,K,historical,IPSL-CM6A-LR,r9i1p1f1
1004,Sep,1933,288.1666589864354,287.41300225109256,K,historical,IPSL-CM6A-LR,r9i1p1f1
1005,Oct,1933,287.55322626652145,286.44682824352753,K,historical,IPSL-CM6A-LR,r9i1p1f1
1006,Nov,1933,286.5743232522815,285.04100459997824,K,historical,IPSL-CM6A-LR,r9i1p1f1
1007,Dec,1933,285.82950982364815,284.1816313352972,K,historical,IPSL-CM6A-LR,r9i1p1f1
1008,Jan,1934,285.7464567837454,283.9426634110829,K,historical,IPSL-CM6A-LR,r9i1p1f1
1009,Feb,1934,286.260299938928,284.31491898205496,K,historical,IPSL-CM6A-LR,r9i1p1f1
1010,Mar,1934,286.7540304835309,284.98138167848055,K,historical,IPSL-CM6A-LR,r9i1p1f1
1011,Apr,1934,287.4838458063151,286.1379164782093,K,historical,IPSL-CM6A-LR,r9i1p1f1
1012,May,1934,287.9588599171302,287.02936066411866,K,historical,IPSL-CM6A-LR,r9i1p1f1
1013,Jun,1934,288.2782706432975,287.6654532088231,K,historical,IPSL-CM6A-LR,r9i1p1f1
1014,Jul,1934,288.74676213743504,288.2625209595451,K,historical,IPSL-CM6A-LR,r9i1p1f1
1015,Aug,1934,288.75341537750813,288.20168816721446,K,historical,IPSL-CM6A-LR,r9i1p1f1
1016,Sep,1934,288.197017373806,287.4233121454955,K,historical,IPSL-CM6A-LR,r9i1p1f1
1017,Oct,1934,287.51714762208456,286.37893829659225,K,historical,IPSL-CM6A-LR,r9i1p1f1
1018,Nov,1934,286.6367621475986,285.12652151120756,K,historical,IPSL-CM6A-LR,r9i1p1f1
1019,Dec,1934,286.02507644344774,284.2789205202828,K,historical,IPSL-CM6A-LR,r9i1p1f1
1020,Jan,1935,285.8746231965066,284.0910035128175,K,historical,IPSL-CM6A-LR,r9i1p1f1
1021,Feb,1935,286.3121925027407,284.5202180511082,K,historical,IPSL-CM6A-LR,r9i1p1f1
1022,Mar,1935,286.9275023723377,285.2663994045519,K,historical,IPSL-CM6A-LR,r9i1p1f1
1023,Apr,1935,287.4280108084983,286.05068803314765,K,historical,IPSL-CM6A-LR,r9i1p1f1
1024,May,1935,287.96279711977655,287.02546496497285,K,historical,IPSL-CM6A-LR,r9i1p1f1
1025,Jun,1935,288.4738535789799,287.85508246062454,K,historical,IPSL-CM6A-LR,r9i1p1f1
1026,Jul,1935,288.7268447460192,288.2575710846239,K,historical,IPSL-CM6A-LR,r9i1p1f1
1027,Aug,1935,288.73871419487085,288.21468179996737,K,historical,IPSL-CM6A-LR,r9i1p1f1
1028,Sep,1935,288.32200031870804,287.61421608123254,K,historical,IPSL-CM6A-LR,r9i1p1f1
1029,Oct,1935,287.7158616728962,286.6275231749617,K,historical,IPSL-CM6A-LR,r9i1p1f1
1030,Nov,1935,286.7858600834751,285.3640385788993,K,historical,IPSL-CM6A-LR,r9i1p1f1
1031,Dec,1935,286.36212073687636,284.65546640429,K,historical,IPSL-CM6A-LR,r9i1p1f1
1032,Jan,1936,286.2622434268707,284.42427714514554,K,historical,IPSL-CM6A-LR,r9i1p1f1
1033,Feb,1936,286.6627116525379,284.86886628547006,K,historical,IPSL-CM6A-LR,r9i1p1f1
1034,Mar,1936,287.18091720964884,285.5591997442437,K,historical,IPSL-CM6A-LR,r9i1p1f1
1035,Apr,1936,287.59182258276746,286.2278921299931,K,historical,IPSL-CM6A-LR,r9i1p1f1
1036,May,1936,288.03894425566233,287.1262880752964,K,historical,IPSL-CM6A-LR,r9i1p1f1
1037,Jun,1936,288.64087832378243,288.00528239617427,K,historical,IPSL-CM6A-LR,r9i1p1f1
1038,Jul,1936,288.97752399468817,288.4582080643775,K,historical,IPSL-CM6A-LR,r9i1p1f1
1039,Aug,1936,288.8636255409504,288.3265109736463,K,historical,IPSL-CM6A-LR,r9i1p1f1
1040,Sep,1936,288.31174503463114,287.5390140442345,K,historical,IPSL-CM6A-LR,r9i1p1f1
1041,Oct,1936,287.45537864188907,286.38458066306936,K,historical,IPSL-CM6A-LR,r9i1p1f1
1042,Nov,1936,286.6150068343357,285.11618253144957,K,historical,IPSL-CM6A-LR,r9i1p1f1
1043,Dec,1936,285.89534952080413,284.06338292609263,K,historical,IPSL-CM6A-LR,r9i1p1f1
1044,Jan,1937,285.85105724746563,283.8976594766601,K,historical,IPSL-CM6A-LR,r9i1p1f1
1045,Feb,1937,286.3327230026627,284.55585766553617,K,historical,IPSL-CM6A-LR,r9i1p1f1
1046,Mar,1937,286.67801674284857,285.01883596410755,K,historical,IPSL-CM6A-LR,r9i1p1f1
1047,Apr,1937,287.34122001742026,286.06868364737295,K,historical,IPSL-CM6A-LR,r9i1p1f1
1048,May,1937,287.96886198281345,287.01785416875146,K,historical,IPSL-CM6A-LR,r9i1p1f1
1049,Jun,1937,288.40512495136204,287.7672433407557,K,historical,IPSL-CM6A-LR,r9i1p1f1
1050,Jul,1937,288.7734656062516,288.2623429751662,K,historical,IPSL-CM6A-LR,r9i1p1f1
1051,Aug,1937,288.75552675345097,288.2059895233996,K,historical,IPSL-CM6A-LR,r9i1p1f1
1052,Sep,1937,288.3301150874544,287.56839376695723,K,historical,IPSL-CM6A-LR,r9i1p1f1
1053,Oct,1937,287.3881583867821,286.2638530032023,K,historical,IPSL-CM6A-LR,r9i1p1f1
1054,Nov,1937,286.67400901675154,285.202222390736,K,historical,IPSL-CM6A-LR,r9i1p1f1
1055,Dec,1937,286.00697291958386,284.30551911098576,K,historical,IPSL-CM6A-LR,r9i1p1f1
1056,Jan,1938,286.0703572500412,284.24708520118753,K,historical,IPSL-CM6A-LR,r9i1p1f1
1057,Feb,1938,286.1602278160006,284.405851872368,K,historical,IPSL-CM6A-LR,r9i1p1f1
1058,Mar,1938,286.78627050436796,285.11042207913727,K,historical,IPSL-CM6A-LR,r9i1p1f1
1059,Apr,1938,287.5076608361624,286.24846434644166,K,historical,IPSL-CM6A-LR,r9i1p1f1
1060,May,1938,287.9085961768977,287.0175263677454,K,historical,IPSL-CM6A-LR,r9i1p1f1
1061,Jun,1938,288.4136597699565,287.82697075793203,K,historical,IPSL-CM6A-LR,r9i1p1f1
1062,Jul,1938,288.6387831135655,288.18044863255346,K,historical,IPSL-CM6A-LR,r9i1p1f1
1063,Aug,1938,288.81941069860846,288.3152015109984,K,historical,IPSL-CM6A-LR,r9i1p1f1
1064,Sep,1938,288.2506802735271,287.51473860592074,K,historical,IPSL-CM6A-LR,r9i1p1f1
1065,Oct,1938,287.4142606008878,286.3819288734272,K,historical,IPSL-CM6A-LR,r9i1p1f1
1066,Nov,1938,286.7467015237552,285.2904407545374,K,historical,IPSL-CM6A-LR,r9i1p1f1
1067,Dec,1938,285.9980805550433,284.345355119661,K,historical,IPSL-CM6A-LR,r9i1p1f1
1068,Jan,1939,286.102399394208,284.3308764416855,K,historical,IPSL-CM6A-LR,r9i1p1f1
1069,Feb,1939,286.2612115337208,284.50742031274314,K,historical,IPSL-CM6A-LR,r9i1p1f1
1070,Mar,1939,286.82233042873577,285.2279004241571,K,historical,IPSL-CM6A-LR,r9i1p1f1
1071,Apr,1939,287.38326278691187,286.08211721230674,K,historical,IPSL-CM6A-LR,r9i1p1f1
1072,May,1939,288.04148189411444,287.098208396988,K,historical,IPSL-CM6A-LR,r9i1p1f1
1073,Jun,1939,288.54378246274695,287.92579490080794,K,historical,IPSL-CM6A-LR,r9i1p1f1
1074,Jul,1939,288.77318707357745,288.2948186570458,K,historical,IPSL-CM6A-LR,r9i1p1f1
1075,Aug,1939,288.92644390815224,288.39572289253044,K,historical,IPSL-CM6A-LR,r9i1p1f1
1076,Sep,1939,288.5302360872358,287.78938214322693,K,historical,IPSL-CM6A-LR,r9i1p1f1
1077,Oct,1939,287.66862889591664,286.58201401822447,K,historical,IPSL-CM6A-LR,r9i1p1f1
1078,Nov,1939,286.6910375821259,285.2906433726251,K,historical,IPSL-CM6A-LR,r9i1p1f1
1079,Dec,1939,286.2338489140826,284.57837947719537,K,historical,IPSL-CM6A-LR,r9i1p1f1
1080,Jan,1940,286.043998722863,284.113119001322,K,historical,IPSL-CM6A-LR,r9i1p1f1
1081,Feb,1940,286.38307918635536,284.59327813813525,K,historical,IPSL-CM6A-LR,r9i1p1f1
1082,Mar,1940,287.01113794680543,285.37378652423786,K,historical,IPSL-CM6A-LR,r9i1p1f1
1083,Apr,1940,287.50100727072527,286.1991361666439,K,historical,IPSL-CM6A-LR,r9i1p1f1
1084,May,1940,287.87638085012776,286.94433690466775,K,historical,IPSL-CM6A-LR,r9i1p1f1
1085,Jun,1940,288.33918523115887,287.7087967374875,K,historical,IPSL-CM6A-LR,r9i1p1f1
1086,Jul,1940,288.76080642110634,288.2645247453986,K,historical,IPSL-CM6A-LR,r9i1p1f1
1087,Aug,1940,288.8355771793803,288.3210381222222,K,historical,IPSL-CM6A-LR,r9i1p1f1
1088,Sep,1940,288.17663395216516,287.4834590785273,K,historical,IPSL-CM6A-LR,r9i1p1f1
1089,Oct,1940,287.4143754317546,286.37802349122893,K,historical,IPSL-CM6A-LR,r9i1p1f1
1090,Nov,1940,286.65129515999234,285.32739611156586,K,historical,IPSL-CM6A-LR,r9i1p1f1
1091,Dec,1940,285.9526565017198,284.3530072092622,K,historical,IPSL-CM6A-LR,r9i1p1f1
1092,Jan,1941,285.8320375994507,283.97690809693586,K,historical,IPSL-CM6A-LR,r9i1p1f1
1093,Feb,1941,286.3290823528176,284.5538550169589,K,historical,IPSL-CM6A-LR,r9i1p1f1
1094,Mar,1941,286.75403910111044,285.07325119358336,K,historical,IPSL-CM6A-LR,r9i1p1f1
1095,Apr,1941,287.4651908885226,286.0849293853509,K,historical,IPSL-CM6A-LR,r9i1p1f1
1096,May,1941,288.0503620628412,287.0899361831066,K,historical,IPSL-CM6A-LR,r9i1p1f1
1097,Jun,1941,288.50566006675456,287.86201822949585,K,historical,IPSL-CM6A-LR,r9i1p1f1
1098,Jul,1941,288.82578375350454,288.31189819015293,K,historical,IPSL-CM6A-LR,r9i1p1f1
1099,Aug,1941,288.80503181271604,288.2786556853698,K,historical,IPSL-CM6A-LR,r9i1p1f1
1100,Sep,1941,288.51792506189906,287.7741667822318,K,historical,IPSL-CM6A-LR,r9i1p1f1
1101,Oct,1941,287.8372857165326,286.74752520155937,K,historical,IPSL-CM6A-LR,r9i1p1f1
1102,Nov,1941,286.795139278492,285.3993567943816,K,historical,IPSL-CM6A-LR,r9i1p1f1
1103,Dec,1941,286.24040770024374,284.5559321259163,K,historical,IPSL-CM6A-LR,r9i1p1f1
1104,Jan,1942,286.3277571290706,284.40818678253896,K,historical,IPSL-CM6A-LR,r9i1p1f1
1105,Feb,1942,286.6497530709591,284.83092122052,K,historical,IPSL-CM6A-LR,r9i1p1f1
1106,Mar,1942,287.01481153844367,285.31191927435225,K,historical,IPSL-CM6A-LR,r9i1p1f1
1107,Apr,1942,287.47429506523207,286.16476674288685,K,historical,IPSL-CM6A-LR,r9i1p1f1
1108,May,1942,288.0176369811214,287.0760535322474,K,historical,IPSL-CM6A-LR,r9i1p1f1
1109,Jun,1942,288.50070959132375,287.85565432986857,K,historical,IPSL-CM6A-LR,r9i1p1f1
1110,Jul,1942,288.89615292281565,288.40331718616403,K,historical,IPSL-CM6A-LR,r9i1p1f1
1111,Aug,1942,288.8930673679344,288.35306937204905,K,historical,IPSL-CM6A-LR,r9i1p1f1
1112,Sep,1942,288.3965319655233,287.68161997313626,K,historical,IPSL-CM6A-LR,r9i1p1f1
1113,Oct,1942,287.70814491900495,286.6520516025949,K,historical,IPSL-CM6A-LR,r9i1p1f1
1114,Nov,1942,286.8249905646773,285.4706092880573,K,historical,IPSL-CM6A-LR,r9i1p1f1
1115,Dec,1942,286.4422930804805,284.84546192103437,K,historical,IPSL-CM6A-LR,r9i1p1f1
1116,Jan,1943,286.13266499877955,284.32801781287026,K,historical,IPSL-CM6A-LR,r9i1p1f1
1117,Feb,1943,286.3787186916351,284.6092181274711,K,historical,IPSL-CM6A-LR,r9i1p1f1
1118,Mar,1943,287.14220481757604,285.5260830614758,K,historical,IPSL-CM6A-LR,r9i1p1f1
1119,Apr,1943,287.50450873664573,286.0884990078952,K,historical,IPSL-CM6A-LR,r9i1p1f1
1120,May,1943,288.15902032215456,287.17070739417596,K,historical,IPSL-CM6A-LR,r9i1p1f1
1121,Jun,1943,288.6089791327951,287.96999873643324,K,historical,IPSL-CM6A-LR,r9i1p1f1
1122,Jul,1943,288.92366437155874,288.4211564594972,K,historical,IPSL-CM6A-LR,r9i1p1f1
1123,Aug,1943,288.9737836566981,288.43185322205954,K,historical,IPSL-CM6A-LR,r9i1p1f1
1124,Sep,1943,288.5029692805333,287.76729866262275,K,historical,IPSL-CM6A-LR,r9i1p1f1
1125,Oct,1943,287.8483939416944,286.77641069032677,K,historical,IPSL-CM6A-LR,r9i1p1f1
1126,Nov,1943,287.1276670466404,285.7553257300236,K,historical,IPSL-CM6A-LR,r9i1p1f1
1127,Dec,1943,286.45647962219,284.8801799483873,K,historical,IPSL-CM6A-LR,r9i1p1f1
1128,Jan,1944,286.54705775350544,284.74803943366396,K,historical,IPSL-CM6A-LR,r9i1p1f1
1129,Feb,1944,286.6300027482653,284.84035938111543,K,historical,IPSL-CM6A-LR,r9i1p1f1
1130,Mar,1944,287.14493101994447,285.5546194965488,K,historical,IPSL-CM6A-LR,r9i1p1f1
1131,Apr,1944,287.66642032356043,286.37370811965286,K,historical,IPSL-CM6A-LR,r9i1p1f1
1132,May,1944,288.23726702379275,287.2774880289891,K,historical,IPSL-CM6A-LR,r9i1p1f1
1133,Jun,1944,288.6105937447324,287.9833644375811,K,historical,IPSL-CM6A-LR,r9i1p1f1
1134,Jul,1944,288.926658355248,288.44149142850176,K,historical,IPSL-CM6A-LR,r9i1p1f1
1135,Aug,1944,288.82532195226906,288.33590393431695,K,historical,IPSL-CM6A-LR,r9i1p1f1
1136,Sep,1944,288.2677910676142,287.5682426315188,K,historical,IPSL-CM6A-LR,r9i1p1f1
1137,Oct,1944,287.610404871014,286.5653552091844,K,historical,IPSL-CM6A-LR,r9i1p1f1
1138,Nov,1944,286.71534617336994,285.33092609127226,K,historical,IPSL-CM6A-LR,r9i1p1f1
1139,Dec,1944,286.07902247062214,284.38033038628765,K,historical,IPSL-CM6A-LR,r9i1p1f1
1140,Jan,1945,285.7101191117698,284.022734923306,K,historical,IPSL-CM6A-LR,r9i1p1f1
1141,Feb,1945,286.3668438188626,284.5679180188201,K,historical,IPSL-CM6A-LR,r9i1p1f1
1142,Mar,1945,286.83266696933754,285.18276113018777,K,historical,IPSL-CM6A-LR,r9i1p1f1
1143,Apr,1945,287.34537420097104,285.99961127418226,K,historical,IPSL-CM6A-LR,r9i1p1f1
1144,May,1945,287.8111128092427,286.8578038062434,K,historical,IPSL-CM6A-LR,r9i1p1f1
1145,Jun,1945,288.22055176337193,287.62107342893785,K,historical,IPSL-CM6A-LR,r9i1p1f1
1146,Jul,1945,288.54235096761465,288.06391776944037,K,historical,IPSL-CM6A-LR,r9i1p1f1
1147,Aug,1945,288.68572197326137,288.19262170447155,K,historical,IPSL-CM6A-LR,r9i1p1f1
1148,Sep,1945,288.230125051985,287.51913404511583,K,historical,IPSL-CM6A-LR,r9i1p1f1
1149,Oct,1945,287.53545465883224,286.49635446075223,K,historical,IPSL-CM6A-LR,r9i1p1f1
1150,Nov,1945,286.65919020231087,285.1983106533132,K,historical,IPSL-CM6A-LR,r9i1p1f1
1151,Dec,1945,285.9656880791806,284.2547346495647,K,historical,IPSL-CM6A-LR,r9i1p1f1
1152,Jan,1946,285.85327702103007,284.138820441927,K,historical,IPSL-CM6A-LR,r9i1p1f1
1153,Feb,1946,286.0914710922312,284.19933386678395,K,historical,IPSL-CM6A-LR,r9i1p1f1
1154,Mar,1946,286.7906723760275,285.08376660537056,K,historical,IPSL-CM6A-LR,r9i1p1f1
1155,Apr,1946,287.41845599726577,286.0420039861383,K,historical,IPSL-CM6A-LR,r9i1p1f1
1156,May,1946,287.8514848966432,286.93037551120625,K,historical,IPSL-CM6A-LR,r9i1p1f1
1157,Jun,1946,288.2968234050839,287.6652622131799,K,historical,IPSL-CM6A-LR,r9i1p1f1
1158,Jul,1946,288.8347029983492,288.35034090424017,K,historical,IPSL-CM6A-LR,r9i1p1f1
1159,Aug,1946,288.7683955491776,288.2256371038996,K,historical,IPSL-CM6A-LR,r9i1p1f1
1160,Sep,1946,288.33535316043225,287.6147759424438,K,historical,IPSL-CM6A-LR,r9i1p1f1
1161,Oct,1946,287.47684396564193,286.42246073152074,K,historical,IPSL-CM6A-LR,r9i1p1f1
1162,Nov,1946,286.9349101831642,285.49923668458183,K,historical,IPSL-CM6A-LR,r9i1p1f1
1163,Dec,1946,286.412185392217,284.6340668875003,K,historical,IPSL-CM6A-LR,r9i1p1f1
1164,Jan,1947,286.0021996817741,284.1706692405578,K,historical,IPSL-CM6A-LR,r9i1p1f1
1165,Feb,1947,286.3104474015499,284.500478470056,K,historical,IPSL-CM6A-LR,r9i1p1f1
1166,Mar,1947,286.94307462064324,285.2624466420247,K,historical,IPSL-CM6A-LR,r9i1p1f1
1167,Apr,1947,287.57711698777183,286.2068618773829,K,historical,IPSL-CM6A-LR,r9i1p1f1
1168,May,1947,287.91100881133156,286.99559283076263,K,historical,IPSL-CM6A-LR,r9i1p1f1
1169,Jun,1947,288.5248999320435,287.91563206893295,K,historical,IPSL-CM6A-LR,r9i1p1f1
1170,Jul,1947,288.7229224630462,288.2370908284137,K,historical,IPSL-CM6A-LR,r9i1p1f1
1171,Aug,1947,288.7386438810988,288.2154542474299,K,historical,IPSL-CM6A-LR,r9i1p1f1
1172,Sep,1947,288.24453972282345,287.51288517721,K,historical,IPSL-CM6A-LR,r9i1p1f1
1173,Oct,1947,287.4887864070026,286.45078852743217,K,historical,IPSL-CM6A-LR,r9i1p1f1
1174,Nov,1947,286.7676416248007,285.39769674013843,K,historical,IPSL-CM6A-LR,r9i1p1f1
1175,Dec,1947,285.9768076613383,284.3819247165263,K,historical,IPSL-CM6A-LR,r9i1p1f1
1176,Jan,1948,285.6634103393867,283.8130629616921,K,historical,IPSL-CM6A-LR,r9i1p1f1
1177,Feb,1948,286.0028090238956,284.2288025274474,K,historical,IPSL-CM6A-LR,r9i1p1f1
1178,Mar,1948,286.6265411497984,284.8827283948328,K,historical,IPSL-CM6A-LR,r9i1p1f1
1179,Apr,1948,287.3253343438837,285.96792669133816,K,historical,IPSL-CM6A-LR,r9i1p1f1
1180,May,1948,287.94348491090653,286.99083800394436,K,historical,IPSL-CM6A-LR,r9i1p1f1
1181,Jun,1948,288.4899580603889,287.8864966169447,K,historical,IPSL-CM6A-LR,r9i1p1f1
1182,Jul,1948,288.72751495825986,288.2382348676966,K,historical,IPSL-CM6A-LR,r9i1p1f1
1183,Aug,1948,288.75232960778595,288.22799925785927,K,historical,IPSL-CM6A-LR,r9i1p1f1
1184,Sep,1948,288.30435538594725,287.58988297597824,K,historical,IPSL-CM6A-LR,r9i1p1f1
1185,Oct,1948,287.61954545224427,286.6337808348719,K,historical,IPSL-CM6A-LR,r9i1p1f1
1186,Nov,1948,286.7897992012133,285.45155650419173,K,historical,IPSL-CM6A-LR,r9i1p1f1
1187,Dec,1948,285.9799369343956,284.39700125048626,K,historical,IPSL-CM6A-LR,r9i1p1f1
1188,Jan,1949,286.08446042633136,284.3370002888908,K,historical,IPSL-CM6A-LR,r9i1p1f1
1189,Feb,1949,286.3799610140152,284.6276381554952,K,historical,IPSL-CM6A-LR,r9i1p1f1
1190,Mar,1949,287.30417217994284,285.7062873511447,K,historical,IPSL-CM6A-LR,r9i1p1f1
1191,Apr,1949,287.9264804810905,286.5493916510073,K,historical,IPSL-CM6A-LR,r9i1p1f1
1192,May,1949,288.35780372142483,287.424256110845,K,historical,IPSL-CM6A-LR,r9i1p1f1
1193,Jun,1949,288.7233612646158,288.0984982914075,K,historical,IPSL-CM6A-LR,r9i1p1f1
1194,Jul,1949,289.15132067633664,288.66038852606675,K,historical,IPSL-CM6A-LR,r9i1p1f1
1195,Aug,1949,288.97369023511965,288.4340762231633,K,historical,IPSL-CM6A-LR,r9i1p1f1
1196,Sep,1949,288.39680056234977,287.6658377309987,K,historical,IPSL-CM6A-LR,r9i1p1f1
1197,Oct,1949,287.7069179175371,286.6267373582876,K,historical,IPSL-CM6A-LR,r9i1p1f1
1198,Nov,1949,286.64919780490726,285.3153016610412,K,historical,IPSL-CM6A-LR,r9i1p1f1
1199,Dec,1949,286.2159374048343,284.59139697333825,K,historical,IPSL-CM6A-LR,r9i1p1f1
1200,Jan,1950,285.9687878146598,284.18829850506376,K,historical,IPSL-CM6A-LR,r9i1p1f1
1201,Feb,1950,286.3339481178882,284.59680784934125,K,historical,IPSL-CM6A-LR,r9i1p1f1
1202,Mar,1950,286.9527870147618,285.3815657757718,K,historical,IPSL-CM6A-LR,r9i1p1f1
1203,Apr,1950,287.540070556489,286.2270836869772,K,historical,IPSL-CM6A-LR,r9i1p1f1
1204,May,1950,287.96236322806,287.057930353261,K,historical,IPSL-CM6A-LR,r9i1p1f1
1205,Jun,1950,288.4968958074337,287.88157070134946,K,historical,IPSL-CM6A-LR,r9i1p1f1
1206,Jul,1950,288.7012296764735,288.2213684856757,K,historical,IPSL-CM6A-LR,r9i1p1f1
1207,Aug,1950,288.83222293512137,288.31156062333883,K,historical,IPSL-CM6A-LR,r9i1p1f1
1208,Sep,1950,288.218004155401,287.55074352992966,K,historical,IPSL-CM6A-LR,r9i1p1f1
1209,Oct,1950,287.5184489638226,286.472975502065,K,historical,IPSL-CM6A-LR,r9i1p1f1
1210,Nov,1950,286.6363164371811,285.2235518252429,K,historical,IPSL-CM6A-LR,r9i1p1f1
1211,Dec,1950,285.8977776431713,284.25821441766425,K,historical,IPSL-CM6A-LR,r9i1p1f1
1212,Jan,1951,285.8165476694687,284.11127865455563,K,historical,IPSL-CM6A-LR,r9i1p1f1
1213,Feb,1951,286.1860542292431,284.4322017457892,K,historical,IPSL-CM6A-LR,r9i1p1f1
1214,Mar,1951,286.831243311859,285.17789913441305,K,historical,IPSL-CM6A-LR,r9i1p1f1
1215,Apr,1951,287.4717908151958,286.1587525587034,K,historical,IPSL-CM6A-LR,r9i1p1f1
1216,May,1951,287.89828292411795,286.96595276748394,K,historical,IPSL-CM6A-LR,r9i1p1f1
1217,Jun,1951,288.31996444663724,287.69102500974975,K,historical,IPSL-CM6A-LR,r9i1p1f1
1218,Jul,1951,288.6937516773486,288.2111229184553,K,historical,IPSL-CM6A-LR,r9i1p1f1
1219,Aug,1951,288.8106895950609,288.28621643218344,K,historical,IPSL-CM6A-LR,r9i1p1f1
1220,Sep,1951,288.2694889165134,287.54659523889165,K,historical,IPSL-CM6A-LR,r9i1p1f1
1221,Oct,1951,287.56096425929513,286.5440200217851,K,historical,IPSL-CM6A-LR,r9i1p1f1
1222,Nov,1951,286.8447203363328,285.44436518390637,K,historical,IPSL-CM6A-LR,r9i1p1f1
1223,Dec,1951,286.2200169205874,284.5989265691669,K,historical,IPSL-CM6A-LR,r9i1p1f1
1224,Jan,1952,286.13804989464955,284.3913792839568,K,historical,IPSL-CM6A-LR,r9i1p1f1
1225,Feb,1952,286.51807842581195,284.74197878354585,K,historical,IPSL-CM6A-LR,r9i1p1f1
1226,Mar,1952,287.2091575321641,285.5526127568075,K,historical,IPSL-CM6A-LR,r9i1p1f1
1227,Apr,1952,287.66974806645186,286.32321371001086,K,historical,IPSL-CM6A-LR,r9i1p1f1
1228,May,1952,288.1381064888477,287.20317553511967,K,historical,IPSL-CM6A-LR,r9i1p1f1
1229,Jun,1952,288.57896976266056,287.9688603736831,K,historical,IPSL-CM6A-LR,r9i1p1f1
1230,Jul,1952,288.8221348479161,288.3425345032624,K,historical,IPSL-CM6A-LR,r9i1p1f1
1231,Aug,1952,288.733635876691,288.2292218463074,K,historical,IPSL-CM6A-LR,r9i1p1f1
1232,Sep,1952,288.281233000871,287.5659972705975,K,historical,IPSL-CM6A-LR,r9i1p1f1
1233,Oct,1952,287.5814672371145,286.5527410403307,K,historical,IPSL-CM6A-LR,r9i1p1f1
1234,Nov,1952,286.5955770007444,285.22170095201426,K,historical,IPSL-CM6A-LR,r9i1p1f1
1235,Dec,1952,286.129285969296,284.4616691392828,K,historical,IPSL-CM6A-LR,r9i1p1f1
1236,Jan,1953,286.27054593158596,284.4217317148515,K,historical,IPSL-CM6A-LR,r9i1p1f1
1237,Feb,1953,286.50525357964125,284.82141912135967,K,historical,IPSL-CM6A-LR,r9i1p1f1
1238,Mar,1953,286.9597472760982,285.3671081939312,K,historical,IPSL-CM6A-LR,r9i1p1f1
1239,Apr,1953,287.4841118962674,286.2197896624494,K,historical,IPSL-CM6A-LR,r9i1p1f1
1240,May,1953,288.0351784567053,287.0949535133221,K,historical,IPSL-CM6A-LR,r9i1p1f1
1241,Jun,1953,288.465073100686,287.8316272010338,K,historical,IPSL-CM6A-LR,r9i1p1f1
1242,Jul,1953,288.8961539660909,288.4211955997174,K,historical,IPSL-CM6A-LR,r9i1p1f1
1243,Aug,1953,288.81484589718195,288.3168676326779,K,historical,IPSL-CM6A-LR,r9i1p1f1
1244,Sep,1953,288.3221975969397,287.61371279069107,K,historical,IPSL-CM6A-LR,r9i1p1f1
1245,Oct,1953,287.6679009296151,286.61781361258545,K,historical,IPSL-CM6A-LR,r9i1p1f1
1246,Nov,1953,286.94764119151966,285.5248851061477,K,historical,IPSL-CM6A-LR,r9i1p1f1
1247,Dec,1953,286.2101573120896,284.51308032831605,K,historical,IPSL-CM6A-LR,r9i1p1f1
1248,Jan,1954,286.10800990560733,284.335171576604,K,historical,IPSL-CM6A-LR,r9i1p1f1
1249,Feb,1954,286.6728164717294,284.7961470115478,K,historical,IPSL-CM6A-LR,r9i1p1f1
1250,Mar,1954,287.00790774727307,285.3589315532999,K,historical,IPSL-CM6A-LR,r9i1p1f1
1251,Apr,1954,287.6342052300457,286.23064131896575,K,historical,IPSL-CM6A-LR,r9i1p1f1
1252,May,1954,287.8647347572687,286.93210220747216,K,historical,IPSL-CM6A-LR,r9i1p1f1
1253,Jun,1954,288.4171658758982,287.7991980214191,K,historical,IPSL-CM6A-LR,r9i1p1f1
1254,Jul,1954,288.7861356550422,288.30466418152025,K,historical,IPSL-CM6A-LR,r9i1p1f1
1255,Aug,1954,288.5577556240018,288.0394979364256,K,historical,IPSL-CM6A-LR,r9i1p1f1
1256,Sep,1954,288.1014970005585,287.388774831942,K,historical,IPSL-CM6A-LR,r9i1p1f1
1257,Oct,1954,287.1742775765776,286.1127200486121,K,historical,IPSL-CM6A-LR,r9i1p1f1
1258,Nov,1954,286.54333654856794,285.04218968380417,K,historical,IPSL-CM6A-LR,r9i1p1f1
1259,Dec,1954,285.7206709089645,284.14434308001273,K,historical,IPSL-CM6A-LR,r9i1p1f1
1260,Jan,1955,285.6559983492479,283.8238978655564,K,historical,IPSL-CM6A-LR,r9i1p1f1
1261,Feb,1955,286.0661436863135,284.1916456265063,K,historical,IPSL-CM6A-LR,r9i1p1f1
1262,Mar,1955,286.6373132338383,285.0724721598956,K,historical,IPSL-CM6A-LR,r9i1p1f1
1263,Apr,1955,287.2078524674411,285.93250638090666,K,historical,IPSL-CM6A-LR,r9i1p1f1
1264,May,1955,287.7357836054309,286.79875963664193,K,historical,IPSL-CM6A-LR,r9i1p1f1
1265,Jun,1955,288.1602250738125,287.5380252605457,K,historical,IPSL-CM6A-LR,r9i1p1f1
1266,Jul,1955,288.5096130402017,288.0352276006924,K,historical,IPSL-CM6A-LR,r9i1p1f1
1267,Aug,1955,288.5309952762905,288.0162244911131,K,historical,IPSL-CM6A-LR,r9i1p1f1
1268,Sep,1955,288.1039481716039,287.3756468683016,K,historical,IPSL-CM6A-LR,r9i1p1f1
1269,Oct,1955,287.3818905517235,286.3192177742166,K,historical,IPSL-CM6A-LR,r9i1p1f1
1270,Nov,1955,286.5128329871121,285.1511202273816,K,historical,IPSL-CM6A-LR,r9i1p1f1
1271,Dec,1955,285.9229218768295,284.2628256721832,K,historical,IPSL-CM6A-LR,r9i1p1f1
1272,Jan,1956,285.8407847595239,284.04178662761353,K,historical,IPSL-CM6A-LR,r9i1p1f1
1273,Feb,1956,286.16681715923875,284.36826956405804,K,historical,IPSL-CM6A-LR,r9i1p1f1
1274,Mar,1956,286.75954127004553,285.02995044841884,K,historical,IPSL-CM6A-LR,r9i1p1f1
1275,Apr,1956,287.4362015829129,286.1207388215912,K,historical,IPSL-CM6A-LR,r9i1p1f1
1276,May,1956,287.98335569015416,287.03288120451896,K,historical,IPSL-CM6A-LR,r9i1p1f1
1277,Jun,1956,288.4137751470782,287.7926954117787,K,historical,IPSL-CM6A-LR,r9i1p1f1
1278,Jul,1956,288.7019494145604,288.2038425360054,K,historical,IPSL-CM6A-LR,r9i1p1f1
1279,Aug,1956,288.7173444310302,288.17664437502583,K,historical,IPSL-CM6A-LR,r9i1p1f1
1280,Sep,1956,288.2654743382938,287.4899044339995,K,historical,IPSL-CM6A-LR,r9i1p1f1
1281,Oct,1956,287.51606493988925,286.44853503725983,K,historical,IPSL-CM6A-LR,r9i1p1f1
1282,Nov,1956,286.7460843669296,285.24728288852396,K,historical,IPSL-CM6A-LR,r9i1p1f1
1283,Dec,1956,286.22409393812507,284.65175848317165,K,historical,IPSL-CM6A-LR,r9i1p1f1
1284,Jan,1957,286.31937532068173,284.4583718156359,K,historical,IPSL-CM6A-LR,r9i1p1f1
1285,Feb,1957,286.48648696976306,284.6474270382763,K,historical,IPSL-CM6A-LR,r9i1p1f1
1286,Mar,1957,287.2361258034735,285.63149231871034,K,historical,IPSL-CM6A-LR,r9i1p1f1
1287,Apr,1957,287.7067094767039,286.370001664188,K,historical,IPSL-CM6A-LR,r9i1p1f1
1288,May,1957,288.04584276859936,287.14770149332367,K,historical,IPSL-CM6A-LR,r9i1p1f1
1289,Jun,1957,288.65045628661034,288.0340515913997,K,historical,IPSL-CM6A-LR,r9i1p1f1
1290,Jul,1957,289.0356326169444,288.53657743358286,K,historical,IPSL-CM6A-LR,r9i1p1f1
1291,Aug,1957,288.90764267373595,288.3680554339672,K,historical,IPSL-CM6A-LR,r9i1p1f1
1292,Sep,1957,288.415046149242,287.6874637271928,K,historical,IPSL-CM6A-LR,r9i1p1f1
1293,Oct,1957,287.8284646293768,286.8022302577829,K,historical,IPSL-CM6A-LR,r9i1p1f1
1294,Nov,1957,287.0520651230227,285.686723276269,K,historical,IPSL-CM6A-LR,r9i1p1f1
1295,Dec,1957,286.21462167939717,284.55617483925386,K,historical,IPSL-CM6A-LR,r9i1p1f1
1296,Jan,1958,286.2819870770502,284.42002763553546,K,historical,IPSL-CM6A-LR,r9i1p1f1
1297,Feb,1958,286.5781759900829,284.7366295861218,K,historical,IPSL-CM6A-LR,r9i1p1f1
1298,Mar,1958,287.28711845455007,285.6304171587595,K,historical,IPSL-CM6A-LR,r9i1p1f1
1299,Apr,1958,287.6880781481826,286.3621330757523,K,historical,IPSL-CM6A-LR,r9i1p1f1
1300,May,1958,287.8461591011639,286.93003040116525,K,historical,IPSL-CM6A-LR,r9i1p1f1
1301,Jun,1958,288.45950577965056,287.84428673822987,K,historical,IPSL-CM6A-LR,r9i1p1f1
1302,Jul,1958,288.7785751517032,288.2820837130806,K,historical,IPSL-CM6A-LR,r9i1p1f1
1303,Aug,1958,288.64917227487683,288.11855770303384,K,historical,IPSL-CM6A-LR,r9i1p1f1
1304,Sep,1958,288.31437224664495,287.54795081226865,K,historical,IPSL-CM6A-LR,r9i1p1f1
1305,Oct,1958,287.4012338617964,286.34631370049476,K,historical,IPSL-CM6A-LR,r9i1p1f1
1306,Nov,1958,286.7142739075842,285.2836163135391,K,historical,IPSL-CM6A-LR,r9i1p1f1
1307,Dec,1958,285.9082989667278,284.33602106477025,K,historical,IPSL-CM6A-LR,r9i1p1f1
1308,Jan,1959,285.94686609348634,284.02490799160205,K,historical,IPSL-CM6A-LR,r9i1p1f1
1309,Feb,1959,286.1797275860008,284.226361245421,K,historical,IPSL-CM6A-LR,r9i1p1f1
1310,Mar,1959,286.8559529635105,285.12298449650194,K,historical,IPSL-CM6A-LR,r9i1p1f1
1311,Apr,1959,287.595769309468,286.32682380119763,K,historical,IPSL-CM6A-LR,r9i1p1f1
1312,May,1959,287.96253671177016,287.05179880268383,K,historical,IPSL-CM6A-LR,r9i1p1f1
1313,Jun,1959,288.2490653410462,287.6339691699637,K,historical,IPSL-CM6A-LR,r9i1p1f1
1314,Jul,1959,288.7020212138451,288.21236973075776,K,historical,IPSL-CM6A-LR,r9i1p1f1
1315,Aug,1959,288.7663258224634,288.21353634651086,K,historical,IPSL-CM6A-LR,r9i1p1f1
1316,Sep,1959,288.3078766787065,287.5557898991035,K,historical,IPSL-CM6A-LR,r9i1p1f1
1317,Oct,1959,287.5089306153102,286.44826924687845,K,historical,IPSL-CM6A-LR,r9i1p1f1
1318,Nov,1959,286.4227866466165,285.0096250573995,K,historical,IPSL-CM6A-LR,r9i1p1f1
1319,Dec,1959,285.9689082008819,284.3327157543635,K,historical,IPSL-CM6A-LR,r9i1p1f1
1320,Jan,1960,285.61564143081205,283.8089863899272,K,historical,IPSL-CM6A-LR,r9i1p1f1
1321,Feb,1960,286.0877617225238,284.3103651656189,K,historical,IPSL-CM6A-LR,r9i1p1f1
1322,Mar,1960,286.9631580766951,285.2270568290918,K,historical,IPSL-CM6A-LR,r9i1p1f1
1323,Apr,1960,287.5450489361332,286.169594292441,K,historical,IPSL-CM6A-LR,r9i1p1f1
1324,May,1960,287.86813410065105,286.92974682213696,K,historical,IPSL-CM6A-LR,r9i1p1f1
1325,Jun,1960,288.494302586653,287.8662455549418,K,historical,IPSL-CM6A-LR,r9i1p1f1
1326,Jul,1960,288.89352011551625,288.3868137059922,K,historical,IPSL-CM6A-LR,r9i1p1f1
1327,Aug,1960,288.717614634158,288.1871939235649,K,historical,IPSL-CM6A-LR,r9i1p1f1
1328,Sep,1960,288.38328987116427,287.6693246472077,K,historical,IPSL-CM6A-LR,r9i1p1f1
1329,Oct,1960,287.44063343404247,286.4188713685953,K,historical,IPSL-CM6A-LR,r9i1p1f1
1330,Nov,1960,286.75305903261165,285.29292173521895,K,historical,IPSL-CM6A-LR,r9i1p1f1
1331,Dec,1960,286.07438361582354,284.3674790031349,K,historical,IPSL-CM6A-LR,r9i1p1f1
1332,Jan,1961,286.25804243794005,284.53825169745295,K,historical,IPSL-CM6A-LR,r9i1p1f1
1333,Feb,1961,286.38512864635044,284.52154884754646,K,historical,IPSL-CM6A-LR,r9i1p1f1
1334,Mar,1961,287.05963639270783,285.38043402709303,K,historical,IPSL-CM6A-LR,r9i1p1f1
1335,Apr,1961,287.69627886344017,286.39433763727965,K,historical,IPSL-CM6A-LR,r9i1p1f1
1336,May,1961,288.1897638980041,287.2875376909397,K,historical,IPSL-CM6A-LR,r9i1p1f1
1337,Jun,1961,288.58509004873923,287.97736169841187,K,historical,IPSL-CM6A-LR,r9i1p1f1
1338,Jul,1961,288.9976612483176,288.4901611947757,K,historical,IPSL-CM6A-LR,r9i1p1f1
1339,Aug,1961,288.7883602518266,288.26967290781596,K,historical,IPSL-CM6A-LR,r9i1p1f1
1340,Sep,1961,288.4784733945874,287.7810581590979,K,historical,IPSL-CM6A-LR,r9i1p1f1
1341,Oct,1961,287.7479185786981,286.70892507147477,K,historical,IPSL-CM6A-LR,r9i1p1f1
1342,Nov,1961,286.96888043693315,285.64929308590183,K,historical,IPSL-CM6A-LR,r9i1p1f1
1343,Dec,1961,286.50301812323437,284.7330800840312,K,historical,IPSL-CM6A-LR,r9i1p1f1
1344,Jan,1962,286.10005489212426,284.3480888855687,K,historical,IPSL-CM6A-LR,r9i1p1f1
1345,Feb,1962,286.43821983032007,284.6468566625753,K,historical,IPSL-CM6A-LR,r9i1p1f1
1346,Mar,1962,287.05060304200043,285.4208319187696,K,historical,IPSL-CM6A-LR,r9i1p1f1
1347,Apr,1962,287.5346908790173,286.14201999122366,K,historical,IPSL-CM6A-LR,r9i1p1f1
1348,May,1962,288.01906335793194,287.0994822172694,K,historical,IPSL-CM6A-LR,r9i1p1f1
1349,Jun,1962,288.53503900095023,287.91993465853335,K,historical,IPSL-CM6A-LR,r9i1p1f1
1350,Jul,1962,288.89613739578226,288.3989325146603,K,historical,IPSL-CM6A-LR,r9i1p1f1
1351,Aug,1962,288.91791268563827,288.37468812713735,K,historical,IPSL-CM6A-LR,r9i1p1f1
1352,Sep,1962,288.4315545854343,287.69421692030033,K,historical,IPSL-CM6A-LR,r9i1p1f1
1353,Oct,1962,287.6396858068951,286.5792098400404,K,historical,IPSL-CM6A-LR,r9i1p1f1
1354,Nov,1962,286.9896634756789,285.5691997863078,K,historical,IPSL-CM6A-LR,r9i1p1f1
1355,Dec,1962,286.45594208884467,284.8655086158572,K,historical,IPSL-CM6A-LR,r9i1p1f1
1356,Jan,1963,286.4920460717018,284.65303385450176,K,historical,IPSL-CM6A-LR,r9i1p1f1
1357,Feb,1963,286.6380705929138,284.87377380743396,K,historical,IPSL-CM6A-LR,r9i1p1f1
1358,Mar,1963,287.3174097345696,285.62842362559184,K,historical,IPSL-CM6A-LR,r9i1p1f1
1359,Apr,1963,287.9155379295077,286.54674814172245,K,historical,IPSL-CM6A-LR,r9i1p1f1
1360,May,1963,288.43752227679823,287.476693135774,K,historical,IPSL-CM6A-LR,r9i1p1f1
1361,Jun,1963,288.8257087534416,288.19288761136346,K,historical,IPSL-CM6A-LR,r9i1p1f1
1362,Jul,1963,288.99184347623486,288.4746181520633,K,historical,IPSL-CM6A-LR,r9i1p1f1
1363,Aug,1963,288.9054378648336,288.3738904186787,K,historical,IPSL-CM6A-LR,r9i1p1f1
1364,Sep,1963,288.40099601996735,287.6715488630737,K,historical,IPSL-CM6A-LR,r9i1p1f1
1365,Oct,1963,287.48626603152974,286.43995232754213,K,historical,IPSL-CM6A-LR,r9i1p1f1
1366,Nov,1963,286.78144774952693,285.40481148017784,K,historical,IPSL-CM6A-LR,r9i1p1f1
1367,Dec,1963,285.93007362223864,284.4234073210432,K,historical,IPSL-CM6A-LR,r9i1p1f1
1368,Jan,1964,285.6929595484952,283.97251715398835,K,historical,IPSL-CM6A-LR,r9i1p1f1
1369,Feb,1964,286.1748857753771,284.4175736052028,K,historical,IPSL-CM6A-LR,r9i1p1f1
1370,Mar,1964,286.885412690456,285.20589724003526,K,historical,IPSL-CM6A-LR,r9i1p1f1
1371,Apr,1964,287.21703202944747,285.9150270007715,K,historical,IPSL-CM6A-LR,r9i1p1f1
1372,May,1964,287.85553292754076,286.92066014948307,K,historical,IPSL-CM6A-LR,r9i1p1f1
1373,Jun,1964,288.24330063633965,287.6158860142709,K,historical,IPSL-CM6A-LR,r9i1p1f1
1374,Jul,1964,288.5776354177297,288.093644973484,K,historical,IPSL-CM6A-LR,r9i1p1f1
1375,Aug,1964,288.6047743207998,288.0677295384148,K,historical,IPSL-CM6A-LR,r9i1p1f1
1376,Sep,1964,288.08202962422047,287.3367450692994,K,historical,IPSL-CM6A-LR,r9i1p1f1
1377,Oct,1964,287.3018184089087,286.18771860057075,K,historical,IPSL-CM6A-LR,r9i1p1f1
1378,Nov,1964,286.41616307033297,284.97239306157513,K,historical,IPSL-CM6A-LR,r9i1p1f1
1379,Dec,1964,285.80127494317276,284.03314463582245,K,historical,IPSL-CM6A-LR,r9i1p1f1
1380,Jan,1965,285.6828573078246,283.9038969445177,K,historical,IPSL-CM6A-LR,r9i1p1f1
1381,Feb,1965,286.13177469887967,284.32036690438116,K,historical,IPSL-CM6A-LR,r9i1p1f1
1382,Mar,1965,286.75050321803684,285.06612275031154,K,historical,IPSL-CM6A-LR,r9i1p1f1
1383,Apr,1965,287.3092134423972,285.9842571965595,K,historical,IPSL-CM6A-LR,r9i1p1f1
1384,May,1965,287.8182027908419,286.8700627321596,K,historical,IPSL-CM6A-LR,r9i1p1f1
1385,Jun,1965,288.3476495791684,287.6774058649909,K,historical,IPSL-CM6A-LR,r9i1p1f1
1386,Jul,1965,288.5669125821449,288.0825862552459,K,historical,IPSL-CM6A-LR,r9i1p1f1
1387,Aug,1965,288.7227366392673,288.20561965630736,K,historical,IPSL-CM6A-LR,r9i1p1f1
1388,Sep,1965,288.1457856411166,287.367116085069,K,historical,IPSL-CM6A-LR,r9i1p1f1
1389,Oct,1965,287.28094180192824,286.20081805523165,K,historical,IPSL-CM6A-LR,r9i1p1f1
1390,Nov,1965,286.5200718819942,284.97495409577925,K,historical,IPSL-CM6A-LR,r9i1p1f1
1391,Dec,1965,285.8944099287759,284.209304953419,K,historical,IPSL-CM6A-LR,r9i1p1f1
1392,Jan,1966,285.96009884701067,284.1037770054504,K,historical,IPSL-CM6A-LR,r9i1p1f1
1393,Feb,1966,286.3421582057148,284.5014760110604,K,historical,IPSL-CM6A-LR,r9i1p1f1
1394,Mar,1966,287.04959961227945,285.34579006255086,K,historical,IPSL-CM6A-LR,r9i1p1f1
1395,Apr,1966,287.5106737709467,286.2410120413488,K,historical,IPSL-CM6A-LR,r9i1p1f1
1396,May,1966,287.8635420429677,286.96082217674143,K,historical,IPSL-CM6A-LR,r9i1p1f1
1397,Jun,1966,288.4482052411246,287.80639913110576,K,historical,IPSL-CM6A-LR,r9i1p1f1
1398,Jul,1966,288.66554560749245,288.1768023796973,K,historical,IPSL-CM6A-LR,r9i1p1f1
1399,Aug,1966,288.7065317998601,288.18010441890294,K,historical,IPSL-CM6A-LR,r9i1p1f1
1400,Sep,1966,288.1893804691778,287.45060597073746,K,historical,IPSL-CM6A-LR,r9i1p1f1
1401,Oct,1966,287.49195892902327,286.453374140832,K,historical,IPSL-CM6A-LR,r9i1p1f1
1402,Nov,1966,286.80199779501373,285.29565899421715,K,historical,IPSL-CM6A-LR,r9i1p1f1
1403,Dec,1966,286.1568390462246,284.4049196642694,K,historical,IPSL-CM6A-LR,r9i1p1f1
1404,Jan,1967,285.9367030787205,284.0575382919294,K,historical,IPSL-CM6A-LR,r9i1p1f1
1405,Feb,1967,286.4989841934991,284.77083346086266,K,historical,IPSL-CM6A-LR,r9i1p1f1
1406,Mar,1967,287.15582630132604,285.4658314910101,K,historical,IPSL-CM6A-LR,r9i1p1f1
1407,Apr,1967,287.70791137609984,286.43479898668636,K,historical,IPSL-CM6A-LR,r9i1p1f1
1408,May,1967,287.9789010237143,287.0578355227545,K,historical,IPSL-CM6A-LR,r9i1p1f1
1409,Jun,1967,288.65177726693884,288.02227834079986,K,historical,IPSL-CM6A-LR,r9i1p1f1
1410,Jul,1967,289.0608096386681,288.55675235423706,K,historical,IPSL-CM6A-LR,r9i1p1f1
1411,Aug,1967,288.91600954210725,288.378064658472,K,historical,IPSL-CM6A-LR,r9i1p1f1
1412,Sep,1967,288.4720723185816,287.7290241577274,K,historical,IPSL-CM6A-LR,r9i1p1f1
1413,Oct,1967,287.5727906141325,286.5076114453965,K,historical,IPSL-CM6A-LR,r9i1p1f1
1414,Nov,1967,286.84666385371077,285.50054638772014,K,historical,IPSL-CM6A-LR,r9i1p1f1
1415,Dec,1967,286.24480473305283,284.5935735142975,K,historical,IPSL-CM6A-LR,r9i1p1f1
1416,Jan,1968,286.3379413981561,284.5266223509773,K,historical,IPSL-CM6A-LR,r9i1p1f1
1417,Feb,1968,286.70028387155986,284.8349469344546,K,historical,IPSL-CM6A-LR,r9i1p1f1
1418,Mar,1968,287.3160168535713,285.7221082932074,K,historical,IPSL-CM6A-LR,r9i1p1f1
1419,Apr,1968,287.8593604131806,286.57035028218945,K,historical,IPSL-CM6A-LR,r9i1p1f1
1420,May,1968,288.3586716741111,287.37744781028323,K,historical,IPSL-CM6A-LR,r9i1p1f1
1421,Jun,1968,288.6497220514437,288.01954282754804,K,historical,IPSL-CM6A-LR,r9i1p1f1
1422,Jul,1968,289.04840863586554,288.5568336554057,K,historical,IPSL-CM6A-LR,r9i1p1f1
1423,Aug,1968,288.9589477763511,288.41815025250355,K,historical,IPSL-CM6A-LR,r9i1p1f1
1424,Sep,1968,288.4070036156696,287.6709609192795,K,historical,IPSL-CM6A-LR,r9i1p1f1
1425,Oct,1968,287.5917615083037,286.5146335705626,K,historical,IPSL-CM6A-LR,r9i1p1f1
1426,Nov,1968,286.87350602272215,285.35851405813526,K,historical,IPSL-CM6A-LR,r9i1p1f1
1427,Dec,1968,286.0638350758185,284.43232564906793,K,historical,IPSL-CM6A-LR,r9i1p1f1
1428,Jan,1969,286.0349968899107,284.2269101837522,K,historical,IPSL-CM6A-LR,r9i1p1f1
1429,Feb,1969,286.7260698997427,284.86969148488146,K,historical,IPSL-CM6A-LR,r9i1p1f1
1430,Mar,1969,287.0151753741488,285.31439617390794,K,historical,IPSL-CM6A-LR,r9i1p1f1
1431,Apr,1969,287.39399246976967,286.07973826735713,K,historical,IPSL-CM6A-LR,r9i1p1f1
1432,May,1969,287.84677054873356,286.90171389985045,K,historical,IPSL-CM6A-LR,r9i1p1f1
1433,Jun,1969,288.45638716182333,287.8045545012822,K,historical,IPSL-CM6A-LR,r9i1p1f1
1434,Jul,1969,288.7706534087431,288.29587889346175,K,historical,IPSL-CM6A-LR,r9i1p1f1
1435,Aug,1969,288.84567906769865,288.3292068079581,K,historical,IPSL-CM6A-LR,r9i1p1f1
1436,Sep,1969,288.3258213444866,287.61685872699803,K,historical,IPSL-CM6A-LR,r9i1p1f1
1437,Oct,1969,287.4433996848308,286.39950341692725,K,historical,IPSL-CM6A-LR,r9i1p1f1
1438,Nov,1969,286.64014228643623,285.201111456637,K,historical,IPSL-CM6A-LR,r9i1p1f1
1439,Dec,1969,286.07918580697213,284.52507692249037,K,historical,IPSL-CM6A-LR,r9i1p1f1
1440,Jan,1970,285.9192926299987,284.28146415603163,K,historical,IPSL-CM6A-LR,r9i1p1f1
1441,Feb,1970,286.504117058274,284.7150474472557,K,historical,IPSL-CM6A-LR,r9i1p1f1
1442,Mar,1970,287.1908704617978,285.4785134568777,K,historical,IPSL-CM6A-LR,r9i1p1f1
1443,Apr,1970,287.8642985610792,286.5309984285472,K,historical,IPSL-CM6A-LR,r9i1p1f1
1444,May,1970,288.1899066902356,287.227606656912,K,historical,IPSL-CM6A-LR,r9i1p1f1
1445,Jun,1970,288.6316353696926,288.0026942202362,K,historical,IPSL-CM6A-LR,r9i1p1f1
1446,Jul,1970,288.94366156015883,288.4386478899998,K,historical,IPSL-CM6A-LR,r9i1p1f1
1447,Aug,1970,288.96044096321697,288.44343517699804,K,historical,IPSL-CM6A-LR,r9i1p1f1
1448,Sep,1970,288.4273868860344,287.73122879066693,K,historical,IPSL-CM6A-LR,r9i1p1f1
1449,Oct,1970,287.700953980805,286.646752028093,K,historical,IPSL-CM6A-LR,r9i1p1f1
1450,Nov,1970,286.760237041544,285.38210145158143,K,historical,IPSL-CM6A-LR,r9i1p1f1
1451,Dec,1970,286.14603933065536,284.59426579857774,K,historical,IPSL-CM6A-LR,r9i1p1f1
1452,Jan,1971,286.0346380855275,284.2491089351713,K,historical,IPSL-CM6A-LR,r9i1p1f1
1453,Feb,1971,286.3203493212074,284.5264212261856,K,historical,IPSL-CM6A-LR,r9i1p1f1
1454,Mar,1971,286.833300024289,285.18890123666216,K,historical,IPSL-CM6A-LR,r9i1p1f1
1455,Apr,1971,287.3778649531503,286.03792822716315,K,historical,IPSL-CM6A-LR,r9i1p1f1
1456,May,1971,288.0187321136049,287.0721585563242,K,historical,IPSL-CM6A-LR,r9i1p1f1
1457,Jun,1971,288.5708654164195,287.96212314278756,K,historical,IPSL-CM6A-LR,r9i1p1f1
1458,Jul,1971,289.1348283284596,288.62833210676837,K,historical,IPSL-CM6A-LR,r9i1p1f1
1459,Aug,1971,289.06857610241104,288.5531989489746,K,historical,IPSL-CM6A-LR,r9i1p1f1
1460,Sep,1971,288.42252142521573,287.6899695014449,K,historical,IPSL-CM6A-LR,r9i1p1f1
1461,Oct,1971,287.5256757780282,286.4769157898835,K,historical,IPSL-CM6A-LR,r9i1p1f1
1462,Nov,1971,286.73943217889337,285.36076299723203,K,historical,IPSL-CM6A-LR,r9i1p1f1
1463,Dec,1971,286.10877132716183,284.4695017031706,K,historical,IPSL-CM6A-LR,r9i1p1f1
1464,Jan,1972,286.0085232481175,284.2292741251476,K,historical,IPSL-CM6A-LR,r9i1p1f1
1465,Feb,1972,286.58761803701617,284.7049427311411,K,historical,IPSL-CM6A-LR,r9i1p1f1
1466,Mar,1972,287.07877123640026,285.29923835473164,K,historical,IPSL-CM6A-LR,r9i1p1f1
1467,Apr,1972,287.6997155919899,286.3166188045068,K,historical,IPSL-CM6A-LR,r9i1p1f1
1468,May,1972,288.0610440922946,287.0998328645097,K,historical,IPSL-CM6A-LR,r9i1p1f1
1469,Jun,1972,288.6143693128984,287.9985452768844,K,historical,IPSL-CM6A-LR,r9i1p1f1
1470,Jul,1972,288.9502971576006,288.44747802858006,K,historical,IPSL-CM6A-LR,r9i1p1f1
1471,Aug,1972,288.82787478416645,288.2999286247019,K,historical,IPSL-CM6A-LR,r9i1p1f1
1472,Sep,1972,288.3200540961842,287.5751789744477,K,historical,IPSL-CM6A-LR,r9i1p1f1
1473,Oct,1972,287.7717375984882,286.6385045021019,K,historical,IPSL-CM6A-LR,r9i1p1f1
1474,Nov,1972,286.9530748005873,285.45078774574927,K,historical,IPSL-CM6A-LR,r9i1p1f1
1475,Dec,1972,286.48852049942536,284.79195764514657,K,historical,IPSL-CM6A-LR,r9i1p1f1
1476,Jan,1973,286.0310790499259,284.22413627202803,K,historical,IPSL-CM6A-LR,r9i1p1f1
1477,Feb,1973,286.3884160361193,284.6610768042801,K,historical,IPSL-CM6A-LR,r9i1p1f1
1478,Mar,1973,286.9464159025263,285.35132747122265,K,historical,IPSL-CM6A-LR,r9i1p1f1
1479,Apr,1973,287.64126734425884,286.3419073520043,K,historical,IPSL-CM6A-LR,r9i1p1f1
1480,May,1973,287.89444795453454,286.94219763211913,K,historical,IPSL-CM6A-LR,r9i1p1f1
1481,Jun,1973,288.42626303641543,287.8034692810349,K,historical,IPSL-CM6A-LR,r9i1p1f1
1482,Jul,1973,288.84498089002994,288.3299392451733,K,historical,IPSL-CM6A-LR,r9i1p1f1
1483,Aug,1973,288.76173042403184,288.2253760292608,K,historical,IPSL-CM6A-LR,r9i1p1f1
1484,Sep,1973,288.38439727091765,287.6228232835128,K,historical,IPSL-CM6A-LR,r9i1p1f1
1485,Oct,1973,287.4604072621466,286.39403513691815,K,historical,IPSL-CM6A-LR,r9i1p1f1
1486,Nov,1973,286.6293319292043,285.1786599490906,K,historical,IPSL-CM6A-LR,r9i1p1f1
1487,Dec,1973,285.91539680678056,284.1583743484602,K,historical,IPSL-CM6A-LR,r9i1p1f1
1488,Jan,1974,285.99287546144257,284.137595165024,K,historical,IPSL-CM6A-LR,r9i1p1f1
1489,Feb,1974,286.24096315769305,284.3783979801363,K,historical,IPSL-CM6A-LR,r9i1p1f1
1490,Mar,1974,286.74929166264144,285.03031216600465,K,historical,IPSL-CM6A-LR,r9i1p1f1
1491,Apr,1974,287.3708593221441,286.0109612813203,K,historical,IPSL-CM6A-LR,r9i1p1f1
1492,May,1974,287.94674300336345,287.0010536810331,K,historical,IPSL-CM6A-LR,r9i1p1f1
1493,Jun,1974,288.43058067189696,287.78846284909196,K,historical,IPSL-CM6A-LR,r9i1p1f1
1494,Jul,1974,288.8882584621174,288.3842428736961,K,historical,IPSL-CM6A-LR,r9i1p1f1
1495,Aug,1974,288.7875907466892,288.22202939867486,K,historical,IPSL-CM6A-LR,r9i1p1f1
1496,Sep,1974,288.4772953225781,287.6936217645863,K,historical,IPSL-CM6A-LR,r9i1p1f1
1497,Oct,1974,287.60194250949246,286.5230930344626,K,historical,IPSL-CM6A-LR,r9i1p1f1
1498,Nov,1974,287.01447636125755,285.43489473367083,K,historical,IPSL-CM6A-LR,r9i1p1f1
1499,Dec,1974,286.35907120015014,284.62598167019127,K,historical,IPSL-CM6A-LR,r9i1p1f1
1500,Jan,1975,286.24373102163617,284.4315327142396,K,historical,IPSL-CM6A-LR,r9i1p1f1
1501,Feb,1975,286.6508903468626,284.7480579590481,K,historical,IPSL-CM6A-LR,r9i1p1f1
1502,Mar,1975,287.10538224156056,285.4059896393805,K,historical,IPSL-CM6A-LR,r9i1p1f1
1503,Apr,1975,287.66823141069744,286.35661139437514,K,historical,IPSL-CM6A-LR,r9i1p1f1
1504,May,1975,288.0166811632378,287.0689147892132,K,historical,IPSL-CM6A-LR,r9i1p1f1
1505,Jun,1975,288.4045872629627,287.79356353601827,K,historical,IPSL-CM6A-LR,r9i1p1f1
1506,Jul,1975,288.77361252341086,288.2766465767059,K,historical,IPSL-CM6A-LR,r9i1p1f1
1507,Aug,1975,288.68278658186165,288.147234467871,K,historical,IPSL-CM6A-LR,r9i1p1f1
1508,Sep,1975,288.15600052777773,287.4188364223219,K,historical,IPSL-CM6A-LR,r9i1p1f1
1509,Oct,1975,287.4733549597642,286.315409287926,K,historical,IPSL-CM6A-LR,r9i1p1f1
1510,Nov,1975,286.7291996833452,285.247571931673,K,historical,IPSL-CM6A-LR,r9i1p1f1
1511,Dec,1975,286.10967955118986,284.3873377023875,K,historical,IPSL-CM6A-LR,r9i1p1f1
1512,Jan,1976,285.9202177436915,284.14568427475217,K,historical,IPSL-CM6A-LR,r9i1p1f1
1513,Feb,1976,286.37728122156324,284.5600711539502,K,historical,IPSL-CM6A-LR,r9i1p1f1
1514,Mar,1976,287.04294952428234,285.3018083660302,K,historical,IPSL-CM6A-LR,r9i1p1f1
1515,Apr,1976,287.5253722256832,286.2372697376845,K,historical,IPSL-CM6A-LR,r9i1p1f1
1516,May,1976,288.0422152931634,287.0480850537364,K,historical,IPSL-CM6A-LR,r9i1p1f1
1517,Jun,1976,288.5718769721129,287.9406695551057,K,historical,IPSL-CM6A-LR,r9i1p1f1
1518,Jul,1976,289.0078045322184,288.4918704653254,K,historical,IPSL-CM6A-LR,r9i1p1f1
1519,Aug,1976,288.85953612510616,288.3266975886713,K,historical,IPSL-CM6A-LR,r9i1p1f1
1520,Sep,1976,288.1780432012833,287.47139621726166,K,historical,IPSL-CM6A-LR,r9i1p1f1
1521,Oct,1976,287.65695586451614,286.5605150075388,K,historical,IPSL-CM6A-LR,r9i1p1f1
1522,Nov,1976,287.01160733324963,285.59619763166853,K,historical,IPSL-CM6A-LR,r9i1p1f1
1523,Dec,1976,286.3810089715194,284.77720525018736,K,historical,IPSL-CM6A-LR,r9i1p1f1
1524,Jan,1977,286.4428098909531,284.5817934185009,K,historical,IPSL-CM6A-LR,r9i1p1f1
1525,Feb,1977,286.8207916756321,285.0663557430344,K,historical,IPSL-CM6A-LR,r9i1p1f1
1526,Mar,1977,287.18861549447644,285.49432700257694,K,historical,IPSL-CM6A-LR,r9i1p1f1
1527,Apr,1977,287.81837126989524,286.48147954627564,K,historical,IPSL-CM6A-LR,r9i1p1f1
1528,May,1977,288.29021112046985,287.2880982006373,K,historical,IPSL-CM6A-LR,r9i1p1f1
1529,Jun,1977,288.69571943458357,288.0341789396351,K,historical,IPSL-CM6A-LR,r9i1p1f1
1530,Jul,1977,288.8517315591799,288.34314885284175,K,historical,IPSL-CM6A-LR,r9i1p1f1
1531,Aug,1977,288.84983368583033,288.3055512040637,K,historical,IPSL-CM6A-LR,r9i1p1f1
1532,Sep,1977,288.52068834393526,287.7449515026663,K,historical,IPSL-CM6A-LR,r9i1p1f1
1533,Oct,1977,287.61097846575393,286.4940526431582,K,historical,IPSL-CM6A-LR,r9i1p1f1
1534,Nov,1977,286.87479675904785,285.3556764148606,K,historical,IPSL-CM6A-LR,r9i1p1f1
1535,Dec,1977,286.30133225358855,284.5448444424731,K,historical,IPSL-CM6A-LR,r9i1p1f1
1536,Jan,1978,286.1198122914077,284.3155993464691,K,historical,IPSL-CM6A-LR,r9i1p1f1
1537,Feb,1978,286.4623646242558,284.6549772527622,K,historical,IPSL-CM6A-LR,r9i1p1f1
1538,Mar,1978,287.140241252079,285.48936862695246,K,historical,IPSL-CM6A-LR,r9i1p1f1
1539,Apr,1978,287.7012463947514,286.405777516987,K,historical,IPSL-CM6A-LR,r9i1p1f1
1540,May,1978,288.08097266547134,287.1544034158648,K,historical,IPSL-CM6A-LR,r9i1p1f1
1541,Jun,1978,288.5704429284801,287.9589326534695,K,historical,IPSL-CM6A-LR,r9i1p1f1
1542,Jul,1978,288.90195062295516,288.4157260793888,K,historical,IPSL-CM6A-LR,r9i1p1f1
1543,Aug,1978,288.8513696215673,288.2974338911956,K,historical,IPSL-CM6A-LR,r9i1p1f1
1544,Sep,1978,288.5027943837492,287.76135626774766,K,historical,IPSL-CM6A-LR,r9i1p1f1
1545,Oct,1978,287.74816374018485,286.6411347552582,K,historical,IPSL-CM6A-LR,r9i1p1f1
1546,Nov,1978,286.6620893423087,285.3267947881494,K,historical,IPSL-CM6A-LR,r9i1p1f1
1547,Dec,1978,286.4149244284573,284.7607859223149,K,historical,IPSL-CM6A-LR,r9i1p1f1
1548,Jan,1979,286.2418610892189,284.38538516947193,K,historical,IPSL-CM6A-LR,r9i1p1f1
1549,Feb,1979,286.6682324545316,284.82278103191413,K,historical,IPSL-CM6A-LR,r9i1p1f1
1550,Mar,1979,287.18079902326116,285.5869511313361,K,historical,IPSL-CM6A-LR,r9i1p1f1
1551,Apr,1979,287.7725273667092,286.4715931140042,K,historical,IPSL-CM6A-LR,r9i1p1f1
1552,May,1979,288.32700848088444,287.3972338682588,K,historical,IPSL-CM6A-LR,r9i1p1f1
1553,Jun,1979,288.70311913498466,288.07753422693463,K,historical,IPSL-CM6A-LR,r9i1p1f1
1554,Jul,1979,289.07601958583456,288.5954791858158,K,historical,IPSL-CM6A-LR,r9i1p1f1
1555,Aug,1979,289.11678425171283,288.57662194743693,K,historical,IPSL-CM6A-LR,r9i1p1f1
1556,Sep,1979,288.6303875694994,287.87630495487684,K,historical,IPSL-CM6A-LR,r9i1p1f1
1557,Oct,1979,287.89164383559313,286.81571757675016,K,historical,IPSL-CM6A-LR,r9i1p1f1
1558,Nov,1979,287.1779820705341,285.7349170452039,K,historical,IPSL-CM6A-LR,r9i1p1f1
1559,Dec,1979,286.6956196725492,284.9841432659293,K,historical,IPSL-CM6A-LR,r9i1p1f1
1560,Jan,1980,286.3849040372118,284.61276108060616,K,historical,IPSL-CM6A-LR,r9i1p1f1
1561,Feb,1980,286.8943552016412,285.00353262309517,K,historical,IPSL-CM6A-LR,r9i1p1f1
1562,Mar,1980,287.62640230131575,285.9314093279367,K,historical,IPSL-CM6A-LR,r9i1p1f1
1563,Apr,1980,288.0929559340828,286.77171542563934,K,historical,IPSL-CM6A-LR,r9i1p1f1
1564,May,1980,288.3300807979434,287.4254769108608,K,historical,IPSL-CM6A-LR,r9i1p1f1
1565,Jun,1980,288.9439407773378,288.33015314456077,K,historical,IPSL-CM6A-LR,r9i1p1f1
1566,Jul,1980,289.0962843567597,288.6017805598653,K,historical,IPSL-CM6A-LR,r9i1p1f1
1567,Aug,1980,289.1835129856416,288.63833828526595,K,historical,IPSL-CM6A-LR,r9i1p1f1
1568,Sep,1980,288.4445532680015,287.72946553419155,K,historical,IPSL-CM6A-LR,r9i1p1f1
1569,Oct,1980,287.77923289962337,286.71857083014197,K,historical,IPSL-CM6A-LR,r9i1p1f1
1570,Nov,1980,286.98141725743784,285.67902711690937,K,historical,IPSL-CM6A-LR,r9i1p1f1
1571,Dec,1980,286.16930258125575,284.51240913151327,K,historical,IPSL-CM6A-LR,r9i1p1f1
1572,Jan,1981,286.2054690780062,284.47267848473297,K,historical,IPSL-CM6A-LR,r9i1p1f1
1573,Feb,1981,286.50736539338925,284.6446943536849,K,historical,IPSL-CM6A-LR,r9i1p1f1
1574,Mar,1981,287.12152736540344,285.3485228497244,K,historical,IPSL-CM6A-LR,r9i1p1f1
1575,Apr,1981,287.6138530789143,286.30665856811544,K,historical,IPSL-CM6A-LR,r9i1p1f1
1576,May,1981,288.26014333027456,287.3323933504835,K,historical,IPSL-CM6A-LR,r9i1p1f1
1577,Jun,1981,288.67355259674486,288.03165808257074,K,historical,IPSL-CM6A-LR,r9i1p1f1
1578,Jul,1981,289.0871597933812,288.60304975261715,K,historical,IPSL-CM6A-LR,r9i1p1f1
1579,Aug,1981,289.02005837828426,288.4950811932596,K,historical,IPSL-CM6A-LR,r9i1p1f1
1580,Sep,1981,288.5102124440845,287.8005909635098,K,historical,IPSL-CM6A-LR,r9i1p1f1
1581,Oct,1981,287.8084401183204,286.75493758704175,K,historical,IPSL-CM6A-LR,r9i1p1f1
1582,Nov,1981,287.15682625299706,285.7759404711647,K,historical,IPSL-CM6A-LR,r9i1p1f1
1583,Dec,1981,286.32173081579714,284.771533474271,K,historical,IPSL-CM6A-LR,r9i1p1f1
1584,Jan,1982,286.37996597221746,284.5977469129648,K,historical,IPSL-CM6A-LR,r9i1p1f1
1585,Feb,1982,286.9483745887352,285.11050739094446,K,historical,IPSL-CM6A-LR,r9i1p1f1
1586,Mar,1982,287.1933089228803,285.64225661530133,K,historical,IPSL-CM6A-LR,r9i1p1f1
1587,Apr,1982,287.70472810633146,286.42131213516694,K,historical,IPSL-CM6A-LR,r9i1p1f1
1588,May,1982,288.0783286147487,287.16660447580267,K,historical,IPSL-CM6A-LR,r9i1p1f1
1589,Jun,1982,288.66194531007557,288.03562847429527,K,historical,IPSL-CM6A-LR,r9i1p1f1
1590,Jul,1982,289.0407035911849,288.56074230005504,K,historical,IPSL-CM6A-LR,r9i1p1f1
1591,Aug,1982,288.928316968843,288.4147670884665,K,historical,IPSL-CM6A-LR,r9i1p1f1
1592,Sep,1982,288.5000102995874,287.81864390323784,K,historical,IPSL-CM6A-LR,r9i1p1f1
1593,Oct,1982,287.66669714005474,286.7107853133349,K,historical,IPSL-CM6A-LR,r9i1p1f1
1594,Nov,1982,286.7974779537098,285.4928140054272,K,historical,IPSL-CM6A-LR,r9i1p1f1
1595,Dec,1982,286.29064913654895,284.7152463670944,K,historical,IPSL-CM6A-LR,r9i1p1f1
1596,Jan,1983,285.85628585945074,284.1068629946313,K,historical,IPSL-CM6A-LR,r9i1p1f1
1597,Feb,1983,286.3610001497774,284.52119627396416,K,historical,IPSL-CM6A-LR,r9i1p1f1
1598,Mar,1983,286.9752495981372,285.29386651343054,K,historical,IPSL-CM6A-LR,r9i1p1f1
1599,Apr,1983,287.4708454983514,286.1350845331143,K,historical,IPSL-CM6A-LR,r9i1p1f1
1600,May,1983,288.0224882542985,287.0694493215745,K,historical,IPSL-CM6A-LR,r9i1p1f1
1601,Jun,1983,288.60832805287043,287.97959047396716,K,historical,IPSL-CM6A-LR,r9i1p1f1
1602,Jul,1983,288.85825857180873,288.34218755036693,K,historical,IPSL-CM6A-LR,r9i1p1f1
1603,Aug,1983,288.89671715537395,288.3575864658698,K,historical,IPSL-CM6A-LR,r9i1p1f1
1604,Sep,1983,288.4410365246349,287.7093950635274,K,historical,IPSL-CM6A-LR,r9i1p1f1
1605,Oct,1983,287.6350153559107,286.57940396674894,K,historical,IPSL-CM6A-LR,r9i1p1f1
1606,Nov,1983,286.87458270846474,285.4628837926631,K,historical,IPSL-CM6A-LR,r9i1p1f1
1607,Dec,1983,286.1318318701265,284.54022948952553,K,historical,IPSL-CM6A-LR,r9i1p1f1
1608,Jan,1984,286.03858655993724,284.21783786199967,K,historical,IPSL-CM6A-LR,r9i1p1f1
1609,Feb,1984,286.4845825276353,284.5473115035548,K,historical,IPSL-CM6A-LR,r9i1p1f1
1610,Mar,1984,287.2012948092131,285.59619084396013,K,historical,IPSL-CM6A-LR,r9i1p1f1
1611,Apr,1984,287.67630731135057,286.3531884101701,K,historical,IPSL-CM6A-LR,r9i1p1f1
1612,May,1984,288.1854206423916,287.24526215978665,K,historical,IPSL-CM6A-LR,r9i1p1f1
1613,Jun,1984,288.6814513778785,288.05554181912953,K,historical,IPSL-CM6A-LR,r9i1p1f1
1614,Jul,1984,289.00244971146344,288.47001941643214,K,historical,IPSL-CM6A-LR,r9i1p1f1
1615,Aug,1984,288.89018824703845,288.3399053345776,K,historical,IPSL-CM6A-LR,r9i1p1f1
1616,Sep,1984,288.29168356610955,287.5728557647823,K,historical,IPSL-CM6A-LR,r9i1p1f1
1617,Oct,1984,287.7002774817069,286.65076108454514,K,historical,IPSL-CM6A-LR,r9i1p1f1
1618,Nov,1984,286.9801859835743,285.5007127389292,K,historical,IPSL-CM6A-LR,r9i1p1f1
1619,Dec,1984,286.39771710102303,284.6839713406983,K,historical,IPSL-CM6A-LR,r9i1p1f1
1620,Jan,1985,286.18293400458197,284.2620019725168,K,historical,IPSL-CM6A-LR,r9i1p1f1
1621,Feb,1985,286.4652571315629,284.63258207547955,K,historical,IPSL-CM6A-LR,r9i1p1f1
1622,Mar,1985,286.89624521698295,285.2194805910893,K,historical,IPSL-CM6A-LR,r9i1p1f1
1623,Apr,1985,287.7993947584081,286.42856506911903,K,historical,IPSL-CM6A-LR,r9i1p1f1
1624,May,1985,288.2443201004775,287.3319057937144,K,historical,IPSL-CM6A-LR,r9i1p1f1
1625,Jun,1985,288.6717344313307,288.05182076723827,K,historical,IPSL-CM6A-LR,r9i1p1f1
1626,Jul,1985,289.0357010144558,288.5222602528796,K,historical,IPSL-CM6A-LR,r9i1p1f1
1627,Aug,1985,289.0963894243689,288.57129205476116,K,historical,IPSL-CM6A-LR,r9i1p1f1
1628,Sep,1985,288.6923820687356,287.97573938174673,K,historical,IPSL-CM6A-LR,r9i1p1f1
1629,Oct,1985,287.85172932882074,286.8893273856584,K,historical,IPSL-CM6A-LR,r9i1p1f1
1630,Nov,1985,287.0200106144784,285.7008735918509,K,historical,IPSL-CM6A-LR,r9i1p1f1
1631,Dec,1985,286.4653660381267,284.8134827872756,K,historical,IPSL-CM6A-LR,r9i1p1f1
1632,Jan,1986,286.3610301222046,284.48188755463474,K,historical,IPSL-CM6A-LR,r9i1p1f1
1633,Feb,1986,286.54416202439825,284.7578897445073,K,historical,IPSL-CM6A-LR,r9i1p1f1
1634,Mar,1986,287.19062047875354,285.5458170933946,K,historical,IPSL-CM6A-LR,r9i1p1f1
1635,Apr,1986,287.91838841530233,286.57106290391073,K,historical,IPSL-CM6A-LR,r9i1p1f1
1636,May,1986,288.3936309513695,287.49520937232904,K,historical,IPSL-CM6A-LR,r9i1p1f1
1637,Jun,1986,288.99813772433964,288.34893069695363,K,historical,IPSL-CM6A-LR,r9i1p1f1
1638,Jul,1986,289.1827987832664,288.6953849222524,K,historical,IPSL-CM6A-LR,r9i1p1f1
1639,Aug,1986,289.22482261141306,288.69050319589206,K,historical,IPSL-CM6A-LR,r9i1p1f1
1640,Sep,1986,288.7822991384379,288.0518648689666,K,historical,IPSL-CM6A-LR,r9i1p1f1
1641,Oct,1986,287.8954109795394,286.8515216649856,K,historical,IPSL-CM6A-LR,r9i1p1f1
1642,Nov,1986,287.0036561300381,285.57256495334815,K,historical,IPSL-CM6A-LR,r9i1p1f1
1643,Dec,1986,286.48699984706144,284.8924318318706,K,historical,IPSL-CM6A-LR,r9i1p1f1
1644,Jan,1987,286.26557337179025,284.5584794533881,K,historical,IPSL-CM6A-LR,r9i1p1f1
1645,Feb,1987,286.4654049638442,284.74874343082905,K,historical,IPSL-CM6A-LR,r9i1p1f1
1646,Mar,1987,287.23819449976,285.5543764442795,K,historical,IPSL-CM6A-LR,r9i1p1f1
1647,Apr,1987,287.73353059952456,286.37008435356597,K,historical,IPSL-CM6A-LR,r9i1p1f1
1648,May,1987,288.1398464240745,287.2318740861957,K,historical,IPSL-CM6A-LR,r9i1p1f1
1649,Jun,1987,288.7112110346121,288.0845420975138,K,historical,IPSL-CM6A-LR,r9i1p1f1
1650,Jul,1987,289.00912570230867,288.51261933956795,K,historical,IPSL-CM6A-LR,r9i1p1f1
1651,Aug,1987,288.94139792238053,288.414378035036,K,historical,IPSL-CM6A-LR,r9i1p1f1
1652,Sep,1987,288.5905614560956,287.87862721069285,K,historical,IPSL-CM6A-LR,r9i1p1f1
1653,Oct,1987,287.7701011692702,286.74627806546744,K,historical,IPSL-CM6A-LR,r9i1p1f1
1654,Nov,1987,287.0622212421155,285.64227202794564,K,historical,IPSL-CM6A-LR,r9i1p1f1
1655,Dec,1987,286.40042749797993,284.8129133377628,K,historical,IPSL-CM6A-LR,r9i1p1f1
1656,Jan,1988,286.15921501542863,284.32760371777886,K,historical,IPSL-CM6A-LR,r9i1p1f1
1657,Feb,1988,286.6809590992725,284.91244622962796,K,historical,IPSL-CM6A-LR,r9i1p1f1
1658,Mar,1988,287.1876398230306,285.4867480963996,K,historical,IPSL-CM6A-LR,r9i1p1f1
1659,Apr,1988,287.9096867627188,286.5706082380741,K,historical,IPSL-CM6A-LR,r9i1p1f1
1660,May,1988,288.38890083843745,287.44032806853295,K,historical,IPSL-CM6A-LR,r9i1p1f1
1661,Jun,1988,288.91002760571786,288.28409475369364,K,historical,IPSL-CM6A-LR,r9i1p1f1
1662,Jul,1988,289.2273001387306,288.74836570963424,K,historical,IPSL-CM6A-LR,r9i1p1f1
1663,Aug,1988,289.1213146116225,288.5985197865378,K,historical,IPSL-CM6A-LR,r9i1p1f1
1664,Sep,1988,288.53062049273524,287.8591171004897,K,historical,IPSL-CM6A-LR,r9i1p1f1
1665,Oct,1988,288.0041262351628,286.99661790195245,K,historical,IPSL-CM6A-LR,r9i1p1f1
1666,Nov,1988,287.252474452416,285.8318769755191,K,historical,IPSL-CM6A-LR,r9i1p1f1
1667,Dec,1988,286.725079729922,284.9536286627931,K,historical,IPSL-CM6A-LR,r9i1p1f1
1668,Jan,1989,286.7043834066267,284.7826580267661,K,historical,IPSL-CM6A-LR,r9i1p1f1
1669,Feb,1989,286.9567053977103,285.0537733831686,K,historical,IPSL-CM6A-LR,r9i1p1f1
1670,Mar,1989,287.5667579218589,285.90892921818755,K,historical,IPSL-CM6A-LR,r9i1p1f1
1671,Apr,1989,288.1222572146631,286.8618442791455,K,historical,IPSL-CM6A-LR,r9i1p1f1
1672,May,1989,288.6218965172877,287.6740145870817,K,historical,IPSL-CM6A-LR,r9i1p1f1
1673,Jun,1989,289.0675341191234,288.44830393402265,K,historical,IPSL-CM6A-LR,r9i1p1f1
1674,Jul,1989,289.42704165969843,288.9206531369513,K,historical,IPSL-CM6A-LR,r9i1p1f1
1675,Aug,1989,289.22803619904477,288.7013758747337,K,historical,IPSL-CM6A-LR,r9i1p1f1
1676,Sep,1989,288.86621390020144,288.13909685295084,K,historical,IPSL-CM6A-LR,r9i1p1f1
1677,Oct,1989,288.2342729517083,287.1760277450658,K,historical,IPSL-CM6A-LR,r9i1p1f1
1678,Nov,1989,287.3088156069897,285.90574904308903,K,historical,IPSL-CM6A-LR,r9i1p1f1
1679,Dec,1989,286.558504139638,285.0140893597375,K,historical,IPSL-CM6A-LR,r9i1p1f1
1680,Jan,1990,286.5320240853486,284.7284671649337,K,historical,IPSL-CM6A-LR,r9i1p1f1
1681,Feb,1990,286.95183596370146,285.08794692855577,K,historical,IPSL-CM6A-LR,r9i1p1f1
1682,Mar,1990,287.6196044235654,285.93979419287115,K,historical,IPSL-CM6A-LR,r9i1p1f1
1683,Apr,1990,288.01739721585864,286.7023337202089,K,historical,IPSL-CM6A-LR,r9i1p1f1
1684,May,1990,288.4950484485394,287.5722997799805,K,historical,IPSL-CM6A-LR,r9i1p1f1
1685,Jun,1990,288.85489143589683,288.21998585042934,K,historical,IPSL-CM6A-LR,r9i1p1f1
1686,Jul,1990,289.2252447620236,288.7060379038288,K,historical,IPSL-CM6A-LR,r9i1p1f1
1687,Aug,1990,289.22401115979653,288.66065904810074,K,historical,IPSL-CM6A-LR,r9i1p1f1
1688,Sep,1990,288.6855764584536,287.99699829347065,K,historical,IPSL-CM6A-LR,r9i1p1f1
1689,Oct,1990,287.88168014774243,286.8988734879578,K,historical,IPSL-CM6A-LR,r9i1p1f1
1690,Nov,1990,287.0693046531205,285.77293299840215,K,historical,IPSL-CM6A-LR,r9i1p1f1
1691,Dec,1990,286.34654387430044,284.6808567616306,K,historical,IPSL-CM6A-LR,r9i1p1f1
1692,Jan,1991,286.2862909993959,284.51504482151825,K,historical,IPSL-CM6A-LR,r9i1p1f1
1693,Feb,1991,286.47242967401814,284.7444585377929,K,historical,IPSL-CM6A-LR,r9i1p1f1
1694,Mar,1991,287.1151267854004,285.45792641898794,K,historical,IPSL-CM6A-LR,r9i1p1f1
1695,Apr,1991,287.7458931471178,286.3869105898992,K,historical,IPSL-CM6A-LR,r9i1p1f1
1696,May,1991,288.27331412311344,287.35429830018944,K,historical,IPSL-CM6A-LR,r9i1p1f1
1697,Jun,1991,288.7727458499501,288.16203954537565,K,historical,IPSL-CM6A-LR,r9i1p1f1
1698,Jul,1991,289.0785344467023,288.595373686986,K,historical,IPSL-CM6A-LR,r9i1p1f1
1699,Aug,1991,289.1346151695633,288.62579548225443,K,historical,IPSL-CM6A-LR,r9i1p1f1
1700,Sep,1991,288.64362832806864,287.9435428966957,K,historical,IPSL-CM6A-LR,r9i1p1f1
1701,Oct,1991,287.8284570789968,286.7835363204711,K,historical,IPSL-CM6A-LR,r9i1p1f1
1702,Nov,1991,287.06691534635456,285.65722865096376,K,historical,IPSL-CM6A-LR,r9i1p1f1
1703,Dec,1991,286.4301025197436,284.8164995786184,K,historical,IPSL-CM6A-LR,r9i1p1f1
1704,Jan,1992,286.36931066633935,284.59193874073,K,historical,IPSL-CM6A-LR,r9i1p1f1
1705,Feb,1992,286.4148719370601,284.59355985940823,K,historical,IPSL-CM6A-LR,r9i1p1f1
1706,Mar,1992,287.2286975469122,285.5055875031011,K,historical,IPSL-CM6A-LR,r9i1p1f1
1707,Apr,1992,287.70307561378337,286.41076044690226,K,historical,IPSL-CM6A-LR,r9i1p1f1
1708,May,1992,288.2769136757331,287.2960156998385,K,historical,IPSL-CM6A-LR,r9i1p1f1
1709,Jun,1992,288.5514838134731,287.89202255257925,K,historical,IPSL-CM6A-LR,r9i1p1f1
1710,Jul,1992,288.8784068574377,288.3556756977772,K,historical,IPSL-CM6A-LR,r9i1p1f1
1711,Aug,1992,288.76343535641365,288.22341049982845,K,historical,IPSL-CM6A-LR,r9i1p1f1
1712,Sep,1992,288.2351421202798,287.51170285161794,K,historical,IPSL-CM6A-LR,r9i1p1f1
1713,Oct,1992,287.5359760537438,286.47182430390137,K,historical,IPSL-CM6A-LR,r9i1p1f1
1714,Nov,1992,286.9064607619534,285.52349870082173,K,historical,IPSL-CM6A-LR,r9i1p1f1
1715,Dec,1992,286.1569673010629,284.52880070127515,K,historical,IPSL-CM6A-LR,r9i1p1f1
1716,Jan,1993,286.1999095194399,284.34411677820424,K,historical,IPSL-CM6A-LR,r9i1p1f1
1717,Feb,1993,286.55724761688566,284.6919242681744,K,historical,IPSL-CM6A-LR,r9i1p1f1
1718,Mar,1993,287.18212677596654,285.54234736813305,K,historical,IPSL-CM6A-LR,r9i1p1f1
1719,Apr,1993,287.8205944015132,286.53561808866175,K,historical,IPSL-CM6A-LR,r9i1p1f1
1720,May,1993,288.07662429467604,287.1951037146697,K,historical,IPSL-CM6A-LR,r9i1p1f1
1721,Jun,1993,288.5521825681382,287.9427278085726,K,historical,IPSL-CM6A-LR,r9i1p1f1
1722,Jul,1993,288.9712988984618,288.4617331614984,K,historical,IPSL-CM6A-LR,r9i1p1f1
1723,Aug,1993,288.9351134317524,288.396993525979,K,historical,IPSL-CM6A-LR,r9i1p1f1
1724,Sep,1993,288.4813324665403,287.77436878718527,K,historical,IPSL-CM6A-LR,r9i1p1f1
1725,Oct,1993,287.8159390406721,286.8079310369027,K,historical,IPSL-CM6A-LR,r9i1p1f1
1726,Nov,1993,287.13068172808994,285.7189057399443,K,historical,IPSL-CM6A-LR,r9i1p1f1
1727,Dec,1993,286.58054892326686,285.0238587636545,K,historical,IPSL-CM6A-LR,r9i1p1f1
1728,Jan,1994,286.4507575110445,284.7065894382037,K,historical,IPSL-CM6A-LR,r9i1p1f1
1729,Feb,1994,286.9760804760941,285.21449223108283,K,historical,IPSL-CM6A-LR,r9i1p1f1
1730,Mar,1994,287.12449133075035,285.4403748639009,K,historical,IPSL-CM6A-LR,r9i1p1f1
1731,Apr,1994,287.8005042692209,286.51855494219507,K,historical,IPSL-CM6A-LR,r9i1p1f1
1732,May,1994,288.21437652372623,287.30340502298964,K,historical,IPSL-CM6A-LR,r9i1p1f1
1733,Jun,1994,288.8481536078579,288.2132582598746,K,historical,IPSL-CM6A-LR,r9i1p1f1
1734,Jul,1994,289.10783847908357,288.611806347577,K,historical,IPSL-CM6A-LR,r9i1p1f1
1735,Aug,1994,289.20364239055533,288.66881890078173,K,historical,IPSL-CM6A-LR,r9i1p1f1
1736,Sep,1994,288.56044334329994,287.8523818435968,K,historical,IPSL-CM6A-LR,r9i1p1f1
1737,Oct,1994,287.7918955540081,286.7824553145272,K,historical,IPSL-CM6A-LR,r9i1p1f1
1738,Nov,1994,286.9854970081893,285.57750328948515,K,historical,IPSL-CM6A-LR,r9i1p1f1
1739,Dec,1994,286.48111060147613,284.8053195520959,K,historical,IPSL-CM6A-LR,r9i1p1f1
1740,Jan,1995,286.2633169189897,284.5144456391812,K,historical,IPSL-CM6A-LR,r9i1p1f1
1741,Feb,1995,286.4437135047958,284.676831829603,K,historical,IPSL-CM6A-LR,r9i1p1f1
1742,Mar,1995,287.08279144009583,285.5445704888192,K,historical,IPSL-CM6A-LR,r9i1p1f1
1743,Apr,1995,287.73413022415764,286.4813326344898,K,historical,IPSL-CM6A-LR,r9i1p1f1
1744,May,1995,288.16746516587716,287.2503597303886,K,historical,IPSL-CM6A-LR,r9i1p1f1
1745,Jun,1995,288.6496435847474,288.03128523642647,K,historical,IPSL-CM6A-LR,r9i1p1f1
1746,Jul,1995,289.02973144524447,288.5521846053912,K,historical,IPSL-CM6A-LR,r9i1p1f1
1747,Aug,1995,289.1148612529256,288.59192135439565,K,historical,IPSL-CM6A-LR,r9i1p1f1
1748,Sep,1995,288.65668854241915,287.9496251915666,K,historical,IPSL-CM6A-LR,r9i1p1f1
1749,Oct,1995,287.85014227175463,286.8449693258592,K,historical,IPSL-CM6A-LR,r9i1p1f1
1750,Nov,1995,287.07027057560566,285.6413577193544,K,historical,IPSL-CM6A-LR,r9i1p1f1
1751,Dec,1995,286.25511282469824,284.55457618674154,K,historical,IPSL-CM6A-LR,r9i1p1f1
1752,Jan,1996,286.35159289817705,284.53528660172424,K,historical,IPSL-CM6A-LR,r9i1p1f1
1753,Feb,1996,286.54305012897987,284.80073240354915,K,historical,IPSL-CM6A-LR,r9i1p1f1
1754,Mar,1996,287.2567623312609,285.530754728234,K,historical,IPSL-CM6A-LR,r9i1p1f1
1755,Apr,1996,287.7219889298768,286.3758013666993,K,historical,IPSL-CM6A-LR,r9i1p1f1
1756,May,1996,288.3325795016654,287.3885082386152,K,historical,IPSL-CM6A-LR,r9i1p1f1
1757,Jun,1996,288.79447959359,288.15601469297957,K,historical,IPSL-CM6A-LR,r9i1p1f1
1758,Jul,1996,289.2033474644551,288.7139155869863,K,historical,IPSL-CM6A-LR,r9i1p1f1
1759,Aug,1996,289.06750223856534,288.5621238362812,K,historical,IPSL-CM6A-LR,r9i1p1f1
1760,Sep,1996,288.61053079539107,287.92046945989915,K,historical,IPSL-CM6A-LR,r9i1p1f1
1761,Oct,1996,287.9477592766632,286.9181565005274,K,historical,IPSL-CM6A-LR,r9i1p1f1
1762,Nov,1996,287.1222082471413,285.79539740885093,K,historical,IPSL-CM6A-LR,r9i1p1f1
1763,Dec,1996,286.45627693477,284.8654644406447,K,historical,IPSL-CM6A-LR,r9i1p1f1
1764,Jan,1997,286.1962946026961,284.4627189580586,K,historical,IPSL-CM6A-LR,r9i1p1f1
1765,Feb,1997,286.74939952663163,284.9594579534436,K,historical,IPSL-CM6A-LR,r9i1p1f1
1766,Mar,1997,287.20257917087054,285.6105895831131,K,historical,IPSL-CM6A-LR,r9i1p1f1
1767,Apr,1997,287.8459731845346,286.4510262067033,K,historical,IPSL-CM6A-LR,r9i1p1f1
1768,May,1997,288.36118685534143,287.4040600405529,K,historical,IPSL-CM6A-LR,r9i1p1f1
1769,Jun,1997,288.8361670722635,288.2203017489644,K,historical,IPSL-CM6A-LR,r9i1p1f1
1770,Jul,1997,289.04592505698196,288.5695255412731,K,historical,IPSL-CM6A-LR,r9i1p1f1
1771,Aug,1997,289.1224879290637,288.5977508377826,K,historical,IPSL-CM6A-LR,r9i1p1f1
1772,Sep,1997,288.6858451208948,287.94587361182437,K,historical,IPSL-CM6A-LR,r9i1p1f1
1773,Oct,1997,287.6547827043511,286.58623401979867,K,historical,IPSL-CM6A-LR,r9i1p1f1
1774,Nov,1997,287.0847880344622,285.71750340815765,K,historical,IPSL-CM6A-LR,r9i1p1f1
1775,Dec,1997,286.4360572713986,284.85820007620435,K,historical,IPSL-CM6A-LR,r9i1p1f1
1776,Jan,1998,286.1321536529065,284.4726195253778,K,historical,IPSL-CM6A-LR,r9i1p1f1
1777,Feb,1998,286.7196816439644,284.8959431608353,K,historical,IPSL-CM6A-LR,r9i1p1f1
1778,Mar,1998,287.115280043655,285.41965420239086,K,historical,IPSL-CM6A-LR,r9i1p1f1
1779,Apr,1998,287.8048545224599,286.4778310859692,K,historical,IPSL-CM6A-LR,r9i1p1f1
1780,May,1998,288.2404318672874,287.3086490878527,K,historical,IPSL-CM6A-LR,r9i1p1f1
1781,Jun,1998,288.6015346909573,287.9834815877431,K,historical,IPSL-CM6A-LR,r9i1p1f1
1782,Jul,1998,289.0789478949434,288.59826532636373,K,historical,IPSL-CM6A-LR,r9i1p1f1
1783,Aug,1998,289.03695253683327,288.5127007307308,K,historical,IPSL-CM6A-LR,r9i1p1f1
1784,Sep,1998,288.67092465844615,287.98168766886755,K,historical,IPSL-CM6A-LR,r9i1p1f1
1785,Oct,1998,287.94336297862645,286.9189088935126,K,historical,IPSL-CM6A-LR,r9i1p1f1
1786,Nov,1998,287.1588949609724,285.69576822068683,K,historical,IPSL-CM6A-LR,r9i1p1f1
1787,Dec,1998,286.526139067233,284.87329865258647,K,historical,IPSL-CM6A-LR,r9i1p1f1
1788,Jan,1999,286.2861233305696,284.53853693318933,K,historical,IPSL-CM6A-LR,r9i1p1f1
1789,Feb,1999,286.82455746126607,285.10448226246206,K,historical,IPSL-CM6A-LR,r9i1p1f1
1790,Mar,1999,287.5241160324664,285.9421163923772,K,historical,IPSL-CM6A-LR,r9i1p1f1
1791,Apr,1999,287.9796534134913,286.6625582650492,K,historical,IPSL-CM6A-LR,r9i1p1f1
1792,May,1999,288.5049899139441,287.5918077267566,K,historical,IPSL-CM6A-LR,r9i1p1f1
1793,Jun,1999,288.81584527584346,288.224274379268,K,historical,IPSL-CM6A-LR,r9i1p1f1
1794,Jul,1999,289.2537408893579,288.75834704432305,K,historical,IPSL-CM6A-LR,r9i1p1f1
1795,Aug,1999,289.3932559738239,288.87583706160405,K,historical,IPSL-CM6A-LR,r9i1p1f1
1796,Sep,1999,288.7373015702478,288.06140894573053,K,historical,IPSL-CM6A-LR,r9i1p1f1
1797,Oct,1999,288.07150072037024,287.0867450815242,K,historical,IPSL-CM6A-LR,r9i1p1f1
1798,Nov,1999,287.1681929558238,285.867327653878,K,historical,IPSL-CM6A-LR,r9i1p1f1
1799,Dec,1999,286.5101378552551,284.86230318486116,K,historical,IPSL-CM6A-LR,r9i1p1f1
1800,Jan,2000,286.47427728597387,284.6887991354905,K,historical,IPSL-CM6A-LR,r9i1p1f1
1801,Feb,2000,286.78328979899277,284.99117755051304,K,historical,IPSL-CM6A-LR,r9i1p1f1
1802,Mar,2000,287.4500409789404,285.81577089741023,K,historical,IPSL-CM6A-LR,r9i1p1f1
1803,Apr,2000,287.9634045309593,286.7456571076588,K,historical,IPSL-CM6A-LR,r9i1p1f1
1804,May,2000,288.5241283357229,287.6071084149083,K,historical,IPSL-CM6A-LR,r9i1p1f1
1805,Jun,2000,288.8772700857249,288.2846755075827,K,historical,IPSL-CM6A-LR,r9i1p1f1
1806,Jul,2000,289.33710473554345,288.854056202631,K,historical,IPSL-CM6A-LR,r9i1p1f1
1807,Aug,2000,289.3167158437068,288.7787350874261,K,historical,IPSL-CM6A-LR,r9i1p1f1
1808,Sep,2000,288.755734798308,288.0798245650076,K,historical,IPSL-CM6A-LR,r9i1p1f1
1809,Oct,2000,288.08132462246346,287.10376934697086,K,historical,IPSL-CM6A-LR,r9i1p1f1
1810,Nov,2000,287.4166044893618,285.9883658695962,K,historical,IPSL-CM6A-LR,r9i1p1f1
1811,Dec,2000,286.7070988487258,285.1096296554771,K,historical,IPSL-CM6A-LR,r9i1p1f1
1812,Jan,2001,286.51311522183227,284.88226803443644,K,historical,IPSL-CM6A-LR,r9i1p1f1
1813,Feb,2001,286.7560440755163,285.06014339497415,K,historical,IPSL-CM6A-LR,r9i1p1f1
1814,Mar,2001,287.3936764332397,285.7530556324122,K,historical,IPSL-CM6A-LR,r9i1p1f1
1815,Apr,2001,288.2330368227935,286.92168019262516,K,historical,IPSL-CM6A-LR,r9i1p1f1
1816,May,2001,288.5220356634055,287.61176731436035,K,historical,IPSL-CM6A-LR,r9i1p1f1
1817,Jun,2001,289.1490789124856,288.5355787463984,K,historical,IPSL-CM6A-LR,r9i1p1f1
1818,Jul,2001,289.4760198786054,288.98247621554185,K,historical,IPSL-CM6A-LR,r9i1p1f1
1819,Aug,2001,289.50588067170867,288.9844613219651,K,historical,IPSL-CM6A-LR,r9i1p1f1
1820,Sep,2001,289.05976265116976,288.36386917537754,K,historical,IPSL-CM6A-LR,r9i1p1f1
1821,Oct,2001,288.19138046412445,287.2279263630151,K,historical,IPSL-CM6A-LR,r9i1p1f1
1822,Nov,2001,287.3463869840684,286.03883973552297,K,historical,IPSL-CM6A-LR,r9i1p1f1
1823,Dec,2001,286.78427542972514,285.18186530408497,K,historical,IPSL-CM6A-LR,r9i1p1f1
1824,Jan,2002,286.386443576675,284.6398253347482,K,historical,IPSL-CM6A-LR,r9i1p1f1
1825,Feb,2002,286.7393194588258,284.9890592736521,K,historical,IPSL-CM6A-LR,r9i1p1f1
1826,Mar,2002,287.4018807431427,285.78560739565035,K,historical,IPSL-CM6A-LR,r9i1p1f1
1827,Apr,2002,287.9605214171533,286.65370793462336,K,historical,IPSL-CM6A-LR,r9i1p1f1
1828,May,2002,288.37296807781394,287.4974688376794,K,historical,IPSL-CM6A-LR,r9i1p1f1
1829,Jun,2002,288.88741637425625,288.2790978789178,K,historical,IPSL-CM6A-LR,r9i1p1f1
1830,Jul,2002,289.38839817058084,288.91178540773706,K,historical,IPSL-CM6A-LR,r9i1p1f1
1831,Aug,2002,289.3101764758271,288.80599261310897,K,historical,IPSL-CM6A-LR,r9i1p1f1
1832,Sep,2002,288.8562822615587,288.1606702478267,K,historical,IPSL-CM6A-LR,r9i1p1f1
1833,Oct,2002,288.10665045441425,287.10429053511297,K,historical,IPSL-CM6A-LR,r9i1p1f1
1834,Nov,2002,287.2729622948965,285.93772948978824,K,historical,IPSL-CM6A-LR,r9i1p1f1
1835,Dec,2002,286.78746634233465,285.07777040290097,K,historical,IPSL-CM6A-LR,r9i1p1f1
1836,Jan,2003,286.6327376298601,284.99876489977476,K,historical,IPSL-CM6A-LR,r9i1p1f1
1837,Feb,2003,286.9438257551159,285.31124672132313,K,historical,IPSL-CM6A-LR,r9i1p1f1
1838,Mar,2003,287.76360298111433,286.1238806021649,K,historical,IPSL-CM6A-LR,r9i1p1f1
1839,Apr,2003,288.2326516079437,286.9289405413121,K,historical,IPSL-CM6A-LR,r9i1p1f1
1840,May,2003,288.8799041055683,287.9517403754509,K,historical,IPSL-CM6A-LR,r9i1p1f1
1841,Jun,2003,289.1941598868105,288.5654420428789,K,historical,IPSL-CM6A-LR,r9i1p1f1
1842,Jul,2003,289.7371655591095,289.23994874465006,K,historical,IPSL-CM6A-LR,r9i1p1f1
1843,Aug,2003,289.72744461949276,289.2029708883026,K,historical,IPSL-CM6A-LR,r9i1p1f1
1844,Sep,2003,289.164720223901,288.45110088007493,K,historical,IPSL-CM6A-LR,r9i1p1f1
1845,Oct,2003,288.4906164481942,287.4631752778834,K,historical,IPSL-CM6A-LR,r9i1p1f1
1846,Nov,2003,287.62692626244024,286.34513211335735,K,historical,IPSL-CM6A-LR,r9i1p1f1
1847,Dec,2003,286.78035605244025,285.1123587474436,K,historical,IPSL-CM6A-LR,r9i1p1f1
1848,Jan,2004,286.7116540765856,284.89617449450253,K,historical,IPSL-CM6A-LR,r9i1p1f1
1849,Feb,2004,287.1411466741036,285.3167974063619,K,historical,IPSL-CM6A-LR,r9i1p1f1
1850,Mar,2004,287.81643873715785,286.2042263244447,K,historical,IPSL-CM6A-LR,r9i1p1f1
1851,Apr,2004,288.2454727878961,286.96267975286304,K,historical,IPSL-CM6A-LR,r9i1p1f1
1852,May,2004,288.57662858326194,287.67107415329644,K,historical,IPSL-CM6A-LR,r9i1p1f1
1853,Jun,2004,289.08251743778715,288.48785489102045,K,historical,IPSL-CM6A-LR,r9i1p1f1
1854,Jul,2004,289.3242860948484,288.854979438473,K,historical,IPSL-CM6A-LR,r9i1p1f1
1855,Aug,2004,289.51924576292043,289.0169597311855,K,historical,IPSL-CM6A-LR,r9i1p1f1
1856,Sep,2004,288.85781692239607,288.13681952998843,K,historical,IPSL-CM6A-LR,r9i1p1f1
1857,Oct,2004,288.2796980715448,287.2383938846351,K,historical,IPSL-CM6A-LR,r9i1p1f1
1858,Nov,2004,287.44114425196045,285.99948429670496,K,historical,IPSL-CM6A-LR,r9i1p1f1
1859,Dec,2004,286.656890342432,285.08110901178503,K,historical,IPSL-CM6A-LR,r9i1p1f1
1860,Jan,2005,286.6214434904985,284.8060296115458,K,historical,IPSL-CM6A-LR,r9i1p1f1
1861,Feb,2005,286.9803969487319,285.1597228491658,K,historical,IPSL-CM6A-LR,r9i1p1f1
1862,Mar,2005,287.5671600498382,286.0087668270007,K,historical,IPSL-CM6A-LR,r9i1p1f1
1863,Apr,2005,288.1774792203576,286.87722745060125,K,historical,IPSL-CM6A-LR,r9i1p1f1
1864,May,2005,288.5791096187864,287.68114769439904,K,historical,IPSL-CM6A-LR,r9i1p1f1
1865,Jun,2005,289.11677833480076,288.5086014197678,K,historical,IPSL-CM6A-LR,r9i1p1f1
1866,Jul,2005,289.574991714746,289.0563019579999,K,historical,IPSL-CM6A-LR,r9i1p1f1
1867,Aug,2005,289.61919078585504,289.10494645756523,K,historical,IPSL-CM6A-LR,r9i1p1f1
1868,Sep,2005,289.11229820440246,288.43112237761767,K,historical,IPSL-CM6A-LR,r9i1p1f1
1869,Oct,2005,288.2745607151561,287.30432579118315,K,historical,IPSL-CM6A-LR,r9i1p1f1
1870,Nov,2005,287.4233213122829,286.14360443359544,K,historical,IPSL-CM6A-LR,r9i1p1f1
1871,Dec,2005,287.19632467053003,285.60174063009913,K,historical,IPSL-CM6A-LR,r9i1p1f1
1872,Jan,2006,286.7852861292836,285.1082576321628,K,historical,IPSL-CM6A-LR,r9i1p1f1
1873,Feb,2006,287.33250735234134,285.45906955815457,K,historical,IPSL-CM6A-LR,r9i1p1f1
1874,Mar,2006,287.8465881420288,286.2336352072899,K,historical,IPSL-CM6A-LR,r9i1p1f1
1875,Apr,2006,288.5421022931522,287.2059685547332,K,historical,IPSL-CM6A-LR,r9i1p1f1
1876,May,2006,288.91264952375167,287.9683703485758,K,historical,IPSL-CM6A-LR,r9i1p1f1
1877,Jun,2006,289.3730718534246,288.7496969417699,K,historical,IPSL-CM6A-LR,r9i1p1f1
1878,Jul,2006,289.8266837377959,289.31523529908605,K,historical,IPSL-CM6A-LR,r9i1p1f1
1879,Aug,2006,289.53264710849106,289.00507394140396,K,historical,IPSL-CM6A-LR,r9i1p1f1
1880,Sep,2006,289.1133649198045,288.4089573103318,K,historical,IPSL-CM6A-LR,r9i1p1f1
1881,Oct,2006,288.39305083824166,287.40987910066497,K,historical,IPSL-CM6A-LR,r9i1p1f1
1882,Nov,2006,287.50178414215816,286.1331921318551,K,historical,IPSL-CM6A-LR,r9i1p1f1
1883,Dec,2006,286.8846873346244,285.2774764301039,K,historical,IPSL-CM6A-LR,r9i1p1f1
1884,Jan,2007,286.55871754298124,284.7957839956013,K,historical,IPSL-CM6A-LR,r9i1p1f1
1885,Feb,2007,286.76500652641704,285.01164579974363,K,historical,IPSL-CM6A-LR,r9i1p1f1
1886,Mar,2007,287.54029456950923,285.96534876270835,K,historical,IPSL-CM6A-LR,r9i1p1f1
1887,Apr,2007,288.12370459455605,286.80173861079396,K,historical,IPSL-CM6A-LR,r9i1p1f1
1888,May,2007,288.49493002366535,287.56116086421827,K,historical,IPSL-CM6A-LR,r9i1p1f1
1889,Jun,2007,289.06013045598456,288.44929013019384,K,historical,IPSL-CM6A-LR,r9i1p1f1
1890,Jul,2007,289.4355411264283,288.9691865126931,K,historical,IPSL-CM6A-LR,r9i1p1f1
1891,Aug,2007,289.4724273002152,288.9499685164559,K,historical,IPSL-CM6A-LR,r9i1p1f1
1892,Sep,2007,289.1095320836343,288.4186113142895,K,historical,IPSL-CM6A-LR,r9i1p1f1
1893,Oct,2007,288.2784553395133,287.3214389503408,K,historical,IPSL-CM6A-LR,r9i1p1f1
1894,Nov,2007,287.38406665661233,286.1151260129606,K,historical,IPSL-CM6A-LR,r9i1p1f1
1895,Dec,2007,286.77225739087925,285.24442505220986,K,historical,IPSL-CM6A-LR,r9i1p1f1
1896,Jan,2008,286.6455545618434,284.9225082654887,K,historical,IPSL-CM6A-LR,r9i1p1f1
1897,Feb,2008,287.01159218459117,285.1852326806955,K,historical,IPSL-CM6A-LR,r9i1p1f1
1898,Mar,2008,287.6181476482584,286.0742655727822,K,historical,IPSL-CM6A-LR,r9i1p1f1
1899,Apr,2008,288.28140001523644,287.0293853201474,K,historical,IPSL-CM6A-LR,r9i1p1f1
1900,May,2008,288.8580985811429,287.91826352882623,K,historical,IPSL-CM6A-LR,r9i1p1f1
1901,Jun,2008,289.2722249081087,288.64810989903725,K,historical,IPSL-CM6A-LR,r9i1p1f1
1902,Jul,2008,289.56563233293997,289.0949883700999,K,historical,IPSL-CM6A-LR,r9i1p1f1
1903,Aug,2008,289.49825474048544,288.9900938878209,K,historical,IPSL-CM6A-LR,r9i1p1f1
1904,Sep,2008,289.1008339259705,288.4161226553515,K,historical,IPSL-CM6A-LR,r9i1p1f1
1905,Oct,2008,288.20676590720024,287.25363427472615,K,historical,IPSL-CM6A-LR,r9i1p1f1
1906,Nov,2008,287.3434291279248,286.1353279804073,K,historical,IPSL-CM6A-LR,r9i1p1f1
1907,Dec,2008,286.8428099714386,285.23740123617637,K,historical,IPSL-CM6A-LR,r9i1p1f1
1908,Jan,2009,286.5600605797474,284.8248683319042,K,historical,IPSL-CM6A-LR,r9i1p1f1
1909,Feb,2009,287.1279868443999,285.3318759844421,K,historical,IPSL-CM6A-LR,r9i1p1f1
1910,Mar,2009,287.3697819627595,285.68594831847946,K,historical,IPSL-CM6A-LR,r9i1p1f1
1911,Apr,2009,288.0796854276134,286.7231843971797,K,historical,IPSL-CM6A-LR,r9i1p1f1
1912,May,2009,288.5710268230519,287.66490281871984,K,historical,IPSL-CM6A-LR,r9i1p1f1
1913,Jun,2009,289.0558838414705,288.4363732410547,K,historical,IPSL-CM6A-LR,r9i1p1f1
1914,Jul,2009,289.46319417701756,288.9878478742888,K,historical,IPSL-CM6A-LR,r9i1p1f1
1915,Aug,2009,289.4500824393834,288.94518964072864,K,historical,IPSL-CM6A-LR,r9i1p1f1
1916,Sep,2009,288.9041822065925,288.2177664069079,K,historical,IPSL-CM6A-LR,r9i1p1f1
1917,Oct,2009,288.10012831470675,287.16345663615255,K,historical,IPSL-CM6A-LR,r9i1p1f1
1918,Nov,2009,287.26693367454476,286.00660101547953,K,historical,IPSL-CM6A-LR,r9i1p1f1
1919,Dec,2009,286.82278226745484,285.25676836228115,K,historical,IPSL-CM6A-LR,r9i1p1f1
1920,Jan,2010,286.5028592617629,284.7264199745774,K,historical,IPSL-CM6A-LR,r9i1p1f1
1921,Feb,2010,287.03620336358244,285.1951393181145,K,historical,IPSL-CM6A-LR,r9i1p1f1
1922,Mar,2010,287.73636870245065,286.0353910665649,K,historical,IPSL-CM6A-LR,r9i1p1f1
1923,Apr,2010,288.20590322533604,286.9306799881759,K,historical,IPSL-CM6A-LR,r9i1p1f1
1924,May,2010,288.83238326390983,287.8874192279314,K,historical,IPSL-CM6A-LR,r9i1p1f1
1925,Jun,2010,289.29176624545875,288.66914144872635,K,historical,IPSL-CM6A-LR,r9i1p1f1
1926,Jul,2010,289.64360997139187,289.1726741282677,K,historical,IPSL-CM6A-LR,r9i1p1f1
1927,Aug,2010,289.59683970416523,289.0747613687938,K,historical,IPSL-CM6A-LR,r9i1p1f1
1928,Sep,2010,289.149133421486,288.45529129868237,K,historical,IPSL-CM6A-LR,r9i1p1f1
1929,Oct,2010,288.1258169081103,287.2103218168878,K,historical,IPSL-CM6A-LR,r9i1p1f1
1930,Nov,2010,287.5538657945077,286.1877548262446,K,historical,IPSL-CM6A-LR,r9i1p1f1
1931,Dec,2010,286.9443045551609,285.32211681850583,K,historical,IPSL-CM6A-LR,r9i1p1f1
1932,Jan,2011,286.7273172860775,284.9755017263817,K,historical,IPSL-CM6A-LR,r9i1p1f1
1933,Feb,2011,286.99252550690255,285.25669044914343,K,historical,IPSL-CM6A-LR,r9i1p1f1
1934,Mar,2011,287.43873119464797,285.7415453226668,K,historical,IPSL-CM6A-LR,r9i1p1f1
1935,Apr,2011,288.14362382610915,286.7956192726352,K,historical,IPSL-CM6A-LR,r9i1p1f1
1936,May,2011,288.84411151252806,287.90437122479364,K,historical,IPSL-CM6A-LR,r9i1p1f1
1937,Jun,2011,289.2457315801683,288.61322632654753,K,historical,IPSL-CM6A-LR,r9i1p1f1
1938,Jul,2011,289.52881342618053,289.00693559201557,K,historical,IPSL-CM6A-LR,r9i1p1f1
1939,Aug,2011,289.6612186311601,289.13252711965544,K,historical,IPSL-CM6A-LR,r9i1p1f1
1940,Sep,2011,288.9777413066397,288.26535348804146,K,historical,IPSL-CM6A-LR,r9i1p1f1
1941,Oct,2011,288.24249885364407,287.2433579980301,K,historical,IPSL-CM6A-LR,r9i1p1f1
1942,Nov,2011,287.38322875490337,286.12353650129586,K,historical,IPSL-CM6A-LR,r9i1p1f1
1943,Dec,2011,286.7516115325465,285.2266031997034,K,historical,IPSL-CM6A-LR,r9i1p1f1
1944,Jan,2012,286.87797620485946,285.20026301684703,K,historical,IPSL-CM6A-LR,r9i1p1f1
1945,Feb,2012,287.1705523079567,285.42704910279537,K,historical,IPSL-CM6A-LR,r9i1p1f1
1946,Mar,2012,287.6204916110835,285.97009383499545,K,historical,IPSL-CM6A-LR,r9i1p1f1
1947,Apr,2012,288.36380153569195,287.022624601891,K,historical,IPSL-CM6A-LR,r9i1p1f1
1948,May,2012,288.887286845559,287.9617466625043,K,historical,IPSL-CM6A-LR,r9i1p1f1
1949,Jun,2012,289.53907673217515,288.9079059692884,K,historical,IPSL-CM6A-LR,r9i1p1f1
1950,Jul,2012,289.74138972860084,289.2366626945639,K,historical,IPSL-CM6A-LR,r9i1p1f1
1951,Aug,2012,289.65875308340435,289.16098403061216,K,historical,IPSL-CM6A-LR,r9i1p1f1
1952,Sep,2012,289.2902436626139,288.6176564806458,K,historical,IPSL-CM6A-LR,r9i1p1f1
1953,Oct,2012,288.490717356033,287.52421590295535,K,historical,IPSL-CM6A-LR,r9i1p1f1
1954,Nov,2012,287.77872159968143,286.4748185528152,K,historical,IPSL-CM6A-LR,r9i1p1f1
1955,Dec,2012,287.15345882362334,285.6213245683696,K,historical,IPSL-CM6A-LR,r9i1p1f1
1956,Jan,2013,287.08907801734966,285.3478098701972,K,historical,IPSL-CM6A-LR,r9i1p1f1
1957,Feb,2013,287.35487010338875,285.66373279489756,K,historical,IPSL-CM6A-LR,r9i1p1f1
1958,Mar,2013,287.861484809873,286.1786609185626,K,historical,IPSL-CM6A-LR,r9i1p1f1
1959,Apr,2013,288.3661601410094,287.00249812851223,K,historical,IPSL-CM6A-LR,r9i1p1f1
1960,May,2013,288.803125868419,287.8762549990374,K,historical,IPSL-CM6A-LR,r9i1p1f1
1961,Jun,2013,289.31777502413416,288.69723262395473,K,historical,IPSL-CM6A-LR,r9i1p1f1
1962,Jul,2013,289.68486965692745,289.18884147016007,K,historical,IPSL-CM6A-LR,r9i1p1f1
1963,Aug,2013,289.767845050372,289.23715421891677,K,historical,IPSL-CM6A-LR,r9i1p1f1
1964,Sep,2013,289.2520954064834,288.5636520518796,K,historical,IPSL-CM6A-LR,r9i1p1f1
1965,Oct,2013,288.4548629332132,287.4741396376039,K,historical,IPSL-CM6A-LR,r9i1p1f1
1966,Nov,2013,287.55216339853706,286.24543768298344,K,historical,IPSL-CM6A-LR,r9i1p1f1
1967,Dec,2013,286.99215529213984,285.4379325653864,K,historical,IPSL-CM6A-LR,r9i1p1f1
1968,Jan,2014,286.60037135712616,284.90092645386216,K,historical,IPSL-CM6A-LR,r9i1p1f1
1969,Feb,2014,287.2377565410519,285.4855316656267,K,historical,IPSL-CM6A-LR,r9i1p1f1
1970,Mar,2014,287.69022585488585,286.1692130300115,K,historical,IPSL-CM6A-LR,r9i1p1f1
1971,Apr,2014,288.23242557410015,286.9904891464566,K,historical,IPSL-CM6A-LR,r9i1p1f1
1972,May,2014,288.9357351183428,288.0210036464713,K,historical,IPSL-CM6A-LR,r9i1p1f1
1973,Jun,2014,289.3713506342372,288.7325520365699,K,historical,IPSL-CM6A-LR,r9i1p1f1
1974,Jul,2014,289.8573149912059,289.33648732773565,K,historical,IPSL-CM6A-LR,r9i1p1f1
1975,Aug,2014,289.9101839062447,289.3845284654611,K,historical,IPSL-CM6A-LR,r9i1p1f1
1976,Sep,2014,289.4940451619152,288.8023078971138,K,historical,IPSL-CM6A-LR,r9i1p1f1
1977,Oct,2014,288.60235397557113,287.64213749074105,K,historical,IPSL-CM6A-LR,r9i1p1f1
1978,Nov,2014,288.03579363125107,286.6934480407632,K,historical,IPSL-CM6A-LR,r9i1p1f1
1979,Dec,2014,287.2442219119366,285.7188433861693,K,historical,IPSL-CM6A-LR,r9i1p1f1
